1162,1394,1395,1396,1397,1398,1399,1400,1401,1402,1403,1404,1405,1407,1632,1633,1634,1635,1636,1637,1638,1639,1640,1641,1642,1643,1644,1645,1646,1647,1648,1870,1871,1872,1873,1874,1875,1876,1877,1878,1879,1880,1881,1882,1883,1884,1885,1886,1887,1888,1889,2108,2109,2110,2111,2112,2113,2114,2115,2116,2117,2118,2119,2120,2121,2122,2123,2124,2125,2126,2127,2128,2129,2130,2131,2132,2133,2346,2347,2348,2349,2350,2351,2352,2353,2354,2355,2356,2357,2358,2359,2360,2361,2362,2363,2364,2365,2366,2367,2368,2369,2370,2371,2372,2586,2587,2588,2589,2591,2592,2593,2594,2595,2596,2597,2598,2599,2600,2601,2602,2603,2604,2605,2606,2607,2608,2609,2610,2833,2834,2837,2838,2839,2840,2841,2845,2846,2847,2848
176,177,182,183,184,421,422,427,428,429,659,660,661,665,666,667,897,898,899,903,904,905,1135,1136,1137,1141,1142,1143,1372,1373,1374,1375,1379,1380,1610,1611,1612,1617,1618,1848,1849,1855,1856,2093,2331,4012,4243,4250,4251
121,127,128,129,130,133,134,135,365,366,367,371,372,373,374,375,376,378,379,380,603,604,609,610
15,16,17,18,22,23,24,25,26,27,259,260,261,262,266,267,268,269,270,271,273,274,275,276,277,278,504,505,506,507,511,512,513,514,742,743,749,750,751,980,987,988,4160
840,841,842,843,844,845,847,848,849,850,851,852,1078,1079,1080,1081,1082,1085,1086,1087,1088,1089
28,29,30,31,35,280,281,282,283,287,288,518,519,520,525,756,757,994,4151
2613,2619,2620,2621,2622,2623,2624,2631,2851,2852,2853,2854,2855,2857,2858,2859,2860,2861,2862,2866,2867,2868,2869,3090,3091,3092,3093,3095,3096,3097,3098,3099,3100,3103,3104,3105,3106,3107,3334,3335,3336,3337,3338,3343,3344,3345
1445,1446,1447,1448,1675,1676,1677,1678,1679,1681,1682,1683,1684,1685,1686,1690,1911,1912,1913,1914,1915,1918,1919,1920,1921,1922,1923,1927,1928,1929,2150
722,723,724,725,726,727,952,960,961,962,963,964,967,968,969,970,971,972,1199
38,39,40,3437,3668,3669,3670,3675,3676,3906,3907,3908,3909,3910,3911,3915,3916,3917,4137,4145,4146,4147,4148,4149,4150,4155,4156,4157
2494,2495,2496,2725,2726,2727,2728,2729,2731,2732,2733,2734,2735,2736,2958,2959,2960,2962,2963,2964,2965,2966,2967,2968,2969,2970,2971,2972,2973,2974,3196,3197,3198,3201,3202,3203,3204,3205,3207,3208,3209,3210,3211,3212,3435,3436,3440,3441,3442,3443
70,71,72,78,315,316,317,322,323,553,554,560,791,792,1029,1030,3641,3642,3878,3879,3880,4116,4117,4118
3192,3423,3424,3425,3430,3431,3432,3661,3662,3663,3664,3901,3902
56,57,308,309,546,547,784,785,1022,1023,1260,1261,1498,3885,3886,4123,4124
1737,1975,2212,2213,2450,2451,2688,2926
50,51,52,53,54,304,3654,3655,3892,3893,3894,4130,4131,4132,4133,4134
2745,2746,2747,2748,2749,2750,2982,2983,2984,2985,2986,2987,2988
3697,3698,3934,3935
301,539,540,777,778,1015,1016,1253
3243,3244,3473,3480,3481,3482,3483,3487,3488
105,106,107,108
3955,3956
570,571,806,807,808,809,810,1044,1045,1046,1047,1048,1283,1284
2163,2164
3731,3732
3969
4200
4193
1460,1461,1462,1695,1696,1697,1698,1699,1700
224
4074,4075
3983,4221
3486
164,165,166,167,409,410,411,4265,4266,4267,4268
1519,1520,1758
4207
231
3976
2723
700
3822,3823,3824
2478,2716
1932,1933,1934,1935,1939,1940
3829,3830,3831
3724
238
4263
4201,4202
3948
455
3500,3501,3502
98,99,344
1277,1278,1279,1280,1515,1516,1517,1518,1753,1754,1755,1756,1760,1761,1762,1991,1992,1993,1998,1999
1344
1561,1568
686
3864,4102
3808,3809
3717
3493
462
343
1309,1316
4186
3962
217
245
2730
869,870,871
1526,1527,1528
448
4214
3941
3388,3626
469
973
4053,4295,4296
2030,2037,2038
4179
1547
483
882
3733,3734,3735,3740,3741,3971,3972,3973,3974,3975
3738
1764,1765
2485
476
3360,3361
399,637,638
1995,2233
2017,2024
4081,4082
3101,3102,3340,3341
2247
3129,3130,3367
3710
3255
3577
3353,3354
4046
225
3843
154
2443
820
3346
3024
2646
2787
2004,2005
1345
1771
2639,2640
1281
1113
2653
3857
2262
581
4279,4280
155
232
463
819
4088
2254
477
3017
3844,3845,3846
1114,1115
812
161
226,227,228
470
218
4187
4277
1050
2023
3507
240
471
1463
1778
1783,2019,2020,2021,2022,2027
1947
1701
3605
2009
156,157
407
3850
1554
1946
1302
1295,1296
3591
3725,3726
3802,4032,4033
3263,3264,3265,3266
582,583
1575
239
2234
1057
3115
875,876
574
4195
1106
1779
1785
3612
2891,2892
1792
2032
2415,2416,2417
3248
2660
2261
2240,2241
1228,1229,1464
883
3977
2654,2655,2656
3963
345,346
3374
2422
3801
91,92
84
246,247
4270
1787
3815
3745
4040,4041,4042
3108
2408
2184
1799
3026
1703,1704,1705,1706
241,242
3836
3262
3598
3806
2181
2412
3370
3839
3027
3134
3811
3849
3877
101
2050
3375
2041
3611
104
3838
403
3607,3608,3609,3610
402
3373
1468,1469
488,489
4038
4043
487
152,153
3968
3810
3606
1126
1297
3135
1945
3347
2418
2414
2186
2175
3841,3842
3852
4057
4288
1231
584
4045
1951,1952
1786
647
1702
2190
1949
3601,3602,3603
3604
3853
1230
4289
100
146
139
3023
2424
585,586
2033
2189
1819
3814
3590
3586
3585
3584
3579,3580
3578
3339
3122
2264
2016
3816
1818
1811,1812
1809,1810
1808
1793
1773
1772
1769,1770
1587,1588
1585,1586
1536
4051
1061
824,825
564
4283
4282
4271
4199
4090
4089
4072,4073
4052
1533
4050
4049
4048
3835
3834
3828
3827
3826
3819,3820,3821
3818
3817
400
594
593
592
485
484
482
481
480
479
478
405
639
356
355
354
328,566
327,565
326
237
160
158,159
118
83
880
1532
1525
1524
1357
1356
1298,1299,1300,1301
1118,1119
1117
1063
1062
881
1355
879
878
823
822
821
646
645
644
643
641,642
640
235
2265
2048
2026
1542
1039
3600
3034,3035
1797
1116
832
404
2659
4197
4085
3837
3587
3583
2798,2799
2647
2401
2267
2266
2056,2057
2018
587
398
4290
4281
4206
4196
4058
4039
3807
2182
2176
2039
1796
1052
888
887
401
233
4114
4086,4087
3593,3594
3366
3365
1353
110
4108
4047
3833
3599
3596
2897
2884
1789,1790,1791
1539,1777
1531
236
1293,1294
117
111
4093,4094
4059
3825
3813
3581
3123
1817
1537,1543,1544
3855,3856
2028
2025
2013,2014
1800
1584
1350
1349
1040
886
830
4092
1788
3812
2420,2421
2263
2185
2183
2029
1768
1347,1348
1060
801
