2,4,5,6,20,25,27,31,32,33,34,36,37,39
0,2,4,5,11,13,25,27,36,38,39
19,20,21,22,23,24,28,40,41,44,46,47,48
0,1,16,18,19,20,21,22,23,24,26,28,29,40,41,42,43,48
0,1,16,18,19,20,21,22,23,24,26,28,29,40,41,42,46,48
7,16,17,18,20,21,22,23,24,26,28,40,41,42,44,46,47,48
2,4,5,15,25,27,31,32,33,34,36,39
2,4,5,22,23,24,25,36,39,43
4,5,19,20,21,22,23,24,25,36,43,44,48
0,1,6,16,17,18,26,29,37,40
0,1,18,19,22,23,24,26,29,37,40
0,1,6,18,19,22,23,26,29,37
0,1,2,3,6,7,8,9,10,11,12,13,14,15,16,17,18,19,20,23,27,29,30,31,32,35,37,38,44,45
0,1,6,15,16,18,19,22,23,29,37,44,45
0,1,15,16,18,19,22,23,24,29,37,44,45
0,1,7,9,10,12,16,17,18,21,26,28,29,33,35,37,40,41,42,43,45,48
7,8,10,12,17,20,21,22,42,43,48
6,7,8,9,11,13,14,15,19,20,21,24,27,28,30,33,34,36,39,40,41,42,44,46,47,48
2,4,5,15,22,23,24,36,39,43,45
6,7,8,9,10,11,12,13,14,15,16,17,18,19,20,25,26,27,28,29,30,31,32,35,37,38,41,44,47
2,5,19,22,23,24,36,39,43,44,45,48
6,7,9,10,11,12,13,14,15,16,17,18,22,23,24,25,26,27,28,29,30,31,32,33,35,37,41,44,47
1,4,5,7,8,9,12,17,18,20,21,26,42,48
4,5,9,13,20,21,22,23,24,25,33,43,44
2,4,5,14,15,25,27,31,33,34,36,39
4,5,7,8,9,12,17,20,21,42,43,48
1,2,3,5,7,8,9,10,11,12,13,14,15,19,20,25,27,29,30,31,35,38,44,45,47
2,5,11,12,14,15,23,39,43,44,45
6,10,11,13,18,25,26,33,36,37
2,3,7,9,10,12,17,20,21,42,43,47
2,5,7,8,9,11,13,14,15,19,20,27,30,33,34,36,39,40,45,46,47
0,1,12,14,16,17,19,21,22,23,24,26,28,41,42,43,47,48
1,2,4,5,6,7,8,9,12,20,21,27,33,34,43,48
2,3,7,9,10,12,17,20,34,42,43
0,1,2,3,4,5,7,10,14,15,16,17,18,19,24,26,28,29,33,34,40,44,47,48
0,2,3,4,5,6,15,16,18,19,20,28,29,33,34,36,37,40,44,47
2,5,15,20,23,25,29,34,36,39,41
2,4,5,8,14,15,19,20,28,29,33,34,36,39,41
2,4,5,8,11,14,15,19,25,28,32,33,34,36,39
5,14,15,18,19,20,21,23,28,29,33,34,36,41,44,47
0,1,2,3,4,5,6,10,14,16,18,19,20,25,26,28,29,33,34,36,39,40,44,47
2,5,11,12,13,15,19,25,27,36,39,43,44,45
0,2,3,4,5,6,7,10,14,15,16,18,20,26,28,29,32,33,34,36,37,39,40,42,44,47,48
0,3,4,5,6,7,10,14,15,16,17,18,20,23,24,26,28,29,33,34,36,39,40,42,44,47,48
0,2,3,4,5,6,7,10,14,16,18,20,26,28,29,33,34,36,37,39,40,42,44,47,48
0,2,3,4,5,6,7,10,14,16,18,20,25,26,28,29,33,34,36,37,39,40,42,44,47
0,1,2,3,4,5,6,10,13,14,16,18,19,20,25,26,28,29,33,34,36,39,40,42,44,47
2,4,5,8,11,14,15,19,20,25,28,32,33,34,36,39
0,2,3,4,5,6,7,10,14,15,16,17,18,20,26,28,29,33,34,36,39,40,42,44,47,48
0,3,4,5,6,7,10,14,15,16,17,18,19,20,26,28,29,33,34,36,39,40,42,44,47,48
0,2,3,4,5,6,7,10,14,15,16,18,20,26,28,29,33,34,36,37,39,40,42,44,47,48
0,2,3,4,5,6,7,10,14,15,16,18,19,20,28,29,32,33,34,36,37,39,40,42,44,47
2,4,5,7,8,14,15,18,19,20,28,29,33,34,36,39,41,44,47
0,3,4,5,7,10,14,16,17,18,20,23,26,28,29,33,34,36,40,42,44,47,48
6,7,10,11,12,13,14,15,16,18,20,23,24,26,27,28,30,31,40,41,44,46,47
0,3,4,5,7,14,16,18,20,22,23,24,26,28,29,33,34,36,40,44,47,48
0,2,3,4,5,7,10,14,16,18,19,20,26,28,29,33,34,36,40,44,47,48
0,4,5,7,10,14,16,17,18,20,23,24,26,28,29,33,34,36,40,44,47,48
0,3,4,5,7,14,16,17,18,20,23,24,26,28,29,33,34,36,40,42,44,47,48
0,2,3,4,5,10,14,16,18,19,20,26,28,29,33,34,36,39,40,44,47
6,7,10,11,12,13,14,15,16,18,19,20,23,24,26,27,28,30,41,46,47
6,7,10,12,13,14,15,16,18,19,20,23,24,26,27,28,30,41,44,46,47
0,4,5,7,10,14,16,17,18,20,23,24,26,28,29,36,40,42,44,47,48
2,5,7,8,14,15,18,19,20,21,23,28,29,33,34,36,39,40,41,44,47
6,7,10,11,12,13,14,15,16,19,20,23,24,26,27,30,41,46,47
0,4,5,7,14,16,17,18,20,23,24,26,28,29,36,40,44,47,48
2,4,5,11,14,15,19,20,28,29,33,34,36,39,41,47
2,5,7,8,14,15,18,19,20,21,28,29,33,34,36,39,41,44,47
0,2,3,4,5,7,10,14,15,16,18,20,26,28,29,33,34,36,40,42,44,47,48
0,2,3,4,5,6,7,14,15,16,18,20,26,28,29,33,34,36,39,40,42,44,47
6,7,10,11,13,14,15,16,19,20,23,24,26,27,28,30,41,47
0,2,3,4,5,7,10,14,15,16,17,18,20,26,28,29,33,34,36,40,42,44,47,48
2,4,5,8,14,15,19,20,28,29,32,33,34,36,39,41,44,47
2,5,7,8,14,15,18,19,20,28,29,33,34,36,39,41,44,47
2,4,5,14,15,18,19,20,21,28,29,33,34,36,39,41,44,47
2,4,5,8,14,15,19,20,28,29,32,33,34,36,39,41,47
4,5,7,16,18,20,22,23,24,26,28,36,40,44,47,48
2,5,11,12,13,14,15,16,19,23,27,29,35,39,44,45
2,4,5,8,11,14,15,19,25,28,31,32,33,34,36,39
0,1,2,3,4,5,10,13,14,16,18,20,25,26,28,29,33,34,36,39,40,44,47
