2,4,5,6,20,25,27,31,32,33,34,36,37,39
0,2,4,5,11,13,25,27,36,38,39
19,20,21,22,23,24,28,40,41,44,46,47,48
0,1,16,18,19,20,21,22,23,24,26,28,29,40,41,42,43,48
7,16,17,18,20,21,22,23,24,26,28,40,41,42,44,46,47,48
0,1,16,18,19,20,21,22,23,24,26,28,29,40,41,42,46,48
2,4,5,15,25,27,31,32,33,34,36,39
2,4,5,22,23,24,25,36,39,43
4,5,19,20,21,22,23,24,25,36,43,44,48
0,1,18,19,22,23,24,26,29,37,40
0,1,6,16,17,18,26,29,37,40
0,1,2,3,6,7,8,9,10,11,12,13,14,15,16,17,18,19,20,25,27,29,30,31,32,35,37,38,44,45
0,1,6,18,19,22,23,26,29,37
0,1,2,6,10,11,13,15,16,17,18,19,20,22,23,29,30,35,37,38,44,45
0,1,2,3,6,8,9,10,11,12,13,14,15,16,17,18,19,20,23,27,29,30,31,32,35,37,38,44,45
0,1,6,15,16,18,19,22,23,29,37,44,45
1,10,16,17,18,26,29,37,40,48
0,1,12,16,17,21,26,28,29,40,41,42,43,48
0,1,15,16,18,19,20,22,23,24,29,37,44,45
1,7,8,9,10,12,14,16,17,18,20,21,26,40,41,42,43,45,48
6,7,8,9,11,13,14,15,19,20,21,27,28,30,33,34,36,39,40,41,42,44,46,47,48
7,10,12,14,17,19,21,22,26,43
6,7,8,9,10,11,12,13,14,15,16,17,18,19,20,25,26,27,28,29,30,31,32,35,37,38,41,44,47
2,4,5,15,22,23,24,36,39,43,45
7,8,12,17,20,21,22,42,43,48
1,2,3,4,5,6,7,8,9,10,12,16,17,18,19,20,21,22,24,30,32,33,34,35,38,42,43,45,48
2,3,7,8,9,10,12,17,20,21,30,35,38,42,43,45,47
3,7,10,12,14,17,21,30,43,47
2,5,19,22,23,24,36,39,43,44,45,48
2,3,5,6,7,8,9,10,11,12,17,20,21,22,23,27,30,32,33,34,35,38,39,42,43,47
7,8,11,15,19,20,21,27,28,36,39,40,41,42,43,46,47,48
4,5,7,8,9,20,21,23,25,33,34,48
1,4,7,8,9,10,12,14,16,17,18,19,20,21,26,28,29,38,40,41,42,43,45,48
0,2,4,5,18,20,25,33,34,36,39
0,6,7,9,10,11,12,13,15,16,17,18,25,26,27,29,30,31,32,35,37,44
2,3,5,6,7,8,9,10,12,17,20,21,22,30,32,33,34,35,42,43,47
2,3,5,9,10,12,17,20,21,30,32,33,35,38,42,43,47
1,2,4,5,6,7,8,9,12,17,18,19,20,21,22,26,27,32,33,34,36,38,43,48
0,1,4,6,16,17,18,19,26,29,30,31,36,37,40
4,5,9,13,15,20,22,23,24,25,27,31,32,36,37,38,43
5,15,19,20,21,22,23,28,29,36,40,41,43,47
0,1,4,6,7,10,11,12,13,14,15,16,17,18,19,22,23,24,26,28,29,30,31,33,35,37,40,44
2,5,15,22,23,24,36,39,43,44,45,48
2,5,7,8,9,11,14,15,19,20,21,28,29,30,33,34,35,36,39,40,41,42,43,44,46,47,48
7,8,10,12,14,16,17,18,19,20,21,22,24,26,42,43,48
2,3,8,10,12,17,20,21,23,30,38,40,41,43,47,48
0,2,4,5,8,18,19,25,29,31,34,36
2,3,7,9,10,12,17,20,21,42,43,47
0,1,7,8,10,12,13,14,16,17,19,21,22,23,24,26,28,40,41,42,43,47,48
2,4,5,6,8,9,15,20,21,22,23,25,33,34,39,43,46,47
1,4,5,7,8,9,12,17,18,20,21,26,42,48
6,7,8,9,11,13,14,19,20,27,30,33,34,39,40,46,47
0,6,7,10,11,12,13,15,16,17,18,19,26,27,29,30,31,35,37,44
0,1,2,3,4,5,7,10,13,16,17,18,22,24,26,28,29,38,39,40,42,44,47,48
1,4,5,13,16,18,22,23,24,26,36,39,40,48
2,4,5,6,8,9,15,20,21,23,25,27,31,32,33,34,37,39,46,47
1,2,3,5,7,8,9,10,11,12,13,14,15,19,20,25,27,29,30,31,35,38,44,45,47
0,2,4,5,15,18,19,20,23,25,29,34,36,39,41
7,8,10,12,14,16,17,19,20,21,22,24,26,42,43
1,4,7,8,9,12,17,18,19,20,21,26,42,45,48
2,3,5,8,9,11,12,13,15,20,21,22,23,24,25,27,32,33,34,36,38,39,42,43,47
6,7,8,9,11,13,14,19,20,21,24,26,27,30,31,33,34,36,39,40,41,42,46,47,48
7,13,16,17,18,22,23,24,26,28,36,40,41,42,48
0,1,3,5,7,8,10,12,13,14,16,17,18,19,21,22,23,24,26,28,29,30,38,40,41,42,43,44,47,48
1,2,3,7,8,9,10,12,14,16,17,18,19,20,21,22,24,26,30,35,40,42,43,45,47,48
1,2,3,4,5,6,7,8,9,11,12,15,19,20,21,22,23,25,26,27,33,34,38,39,42,43,46,47,48
0,1,3,5,7,8,12,13,14,16,17,18,19,20,21,22,23,24,25,26,28,30,40,41,42,43,44,47,48
0,1,4,6,10,14,16,17,18,26,28,29,30,31,33,34,36,37,40
0,1,3,4,5,7,12,14,15,16,17,18,20,21,22,23,24,26,28,29,30,34,40,41,42,44,46,47,48
6,7,9,10,11,12,13,14,15,16,17,18,23,24,25,26,27,28,29,30,31,32,33,35,37,41,44,47
2,4,5,6,8,9,15,20,21,23,25,33,34,37,39,46,47,48
1,2,4,5,6,7,8,9,12,20,21,22,27,33,34,43,48
0,1,12,14,16,17,19,21,22,26,28,40,41,42,43,47,48
0,1,2,3,5,7,8,9,10,11,12,13,14,15,16,17,19,25,27,28,29,30,31,32,33,35,38,44,45,47
2,3,4,5,9,11,12,13,20,21,22,23,24,27,30,32,33,35,38,41,42,43
0,4,5,16,18,19,20,21,22,23,24,25,28,29,36,40,41,42,43,44,46,48
5,19,20,21,22,23,28,29,36,40,41,47
1,4,5,6,9,10,11,13,14,16,17,18,26,33,35,36,37,38,39,40,48
0,1,12,16,17,21,23,24,26,42,43
4,6,7,9,10,11,12,13,14,15,16,17,18,22,23,24,26,28,30,31,33,34,36,38,39,40,41,42,43,47
1,18,20,21,22,23,24,25,43,44
0,1,2,4,5,10,16,18,25,29,33,36
4,5,7,8,9,12,17,20,21,42,43,48
1,2,4,5,6,7,8,9,12,14,17,18,19,20,21,23,26,34,38,43,48
0,6,7,9,10,11,12,13,14,15,16,17,18,22,23,24,25,26,27,28,29,30,31,32,33,35,37,41,44,47
0,1,4,6,16,18,26,29,30,31,36,37
4,5,9,13,20,21,22,23,24,25,33,43,44
2,3,5,7,8,9,11,13,14,15,25,27,28,29,30,31,32,33,34,35,36,41,43,45
0,4,5,16,18,19,24,26,28,29,40,44,47
0,1,6,7,10,11,12,13,15,16,17,18,23,25,26,27,29,30,31,32,35,37,44
6,10,11,13,16,18,26,33,36,37
7,8,11,19,20,27,34,36,39,46
2,4,5,14,15,25,27,31,33,34,36,39
0,6,18,25,26,30,31,33,36,37
2,5,8,9,11,14,15,25,43,45
1,7,12,14,16,17,19,21,26,40,41,42,43,48
1,4,5,7,8,9,10,12,14,17,18,21,26,28,35,38,39,40,41,42,45,47,48
2,4,5,8,10,11,14,15,20,24,25,27,28,29,30,31,33,34,35,36,39,41
2,5,7,8,9,11,13,14,15,25,27,28,29,30,31,32,33,34,35,36,39,41,43
0,2,4,5,9,15,16,18,19,20,21,22,23,25,28,29,33,34,35,36,40,41,42,44,46,47,48
2,3,4,5,6,7,8,9,10,12,20,21,22,23,27,32,33,34,38,42,43,47
2,5,7,8,9,11,13,14,15,19,20,27,30,33,34,36,39,40,43,45,46,47
0,2,3,4,5,6,15,16,17,18,19,20,22,24,26,28,29,33,34,37,40,41,43,44,47,48
0,1,2,3,5,8,9,10,11,12,13,14,15,16,17,18,19,20,23,27,29,30,32,35,38,44,45
6,7,12,13,14,19,20,22,23,24,26,27,30,31,41,42,46,47
2,4,5,7,8,9,10,11,13,14,15,23,24,25,27,28,29,30,31,32,33,34,35,36,39,41,43
0,1,3,4,5,6,7,8,9,10,13,14,17,18,20,21,26,27,35,36,38,39,40,41,42,45,48
2,3,4,5,8,9,10,11,12,13,14,15,17,23,27,30,32,33,34,35,36,38,39,43,44,45,46
0,1,4,5,6,7,9,10,13,14,18,26,27,36,38,39,42,45,48
0,1,6,7,9,10,11,12,13,14,15,16,17,18,23,24,25,26,27,28,29,30,31,35,37,41,44
0,1,2,3,4,5,7,10,14,16,17,18,22,24,26,28,29,40,42,44,47,48
6,7,9,10,11,12,13,14,15,16,17,18,22,23,24,25,26,29,30,31,33,34,35,36,37,41,47
2,3,4,5,11,13,14,15,23,25,27,32,33,34,36,39,43,45
0,6,7,8,9,10,11,12,13,14,15,16,17,18,25,26,27,28,29,30,31,32,35,37,38,41,44
0,1,2,3,4,5,7,10,12,14,16,17,18,24,25,26,28,29,30,33,34,40,42,44,45,47,48
2,5,8,9,10,11,12,13,14,15,23,27,35,36,39,43,44,45
1,2,3,5,7,8,9,10,11,13,14,15,19,20,25,26,27,29,30,31,33,34,35,38,39,44,45,47
0,1,4,6,9,10,11,13,14,16,17,18,26,29,30,31,33,34,35,36,37,40
6,7,8,13,14,19,20,21,22,24,26,27,30,31,33,36,39,40,41,42,46,47,48
0,2,4,5,15,16,18,19,20,22,23,28,29,33,34,36,40,41,44,47,48
0,2,3,4,5,6,15,16,18,19,20,22,28,29,33,34,37,40,44,47
2,3,5,7,8,9,10,12,17,20,21,22,23,30,32,33,38,42,43,47
2,3,4,5,8,9,12,20,21,22,23,25,27,32,33,34,38,39,43,47
6,7,12,13,14,19,20,21,22,23,24,26,27,30,31,33,36,39,40,41,42,46,47,48
2,5,7,8,9,11,13,14,15,19,20,25,26,27,30,31,33,34,36,38,39,40,45,46,47
0,1,4,6,9,10,11,13,14,16,17,18,24,25,26,29,30,31,33,34,35,36,37,38
3,4,5,9,12,13,20,21,22,23,24,25,30,33,38,42,43,44,47,48
0,1,3,4,5,7,8,9,10,13,14,17,18,21,26,35,36,38,39,40,41,42,45,48
2,5,7,8,9,11,13,14,15,19,20,27,28,30,33,34,36,39,45,46,47
0,1,2,3,4,5,7,10,14,16,17,18,24,26,28,29,33,34,36,40,42,44,45,47,48
6,7,8,9,10,11,12,13,14,19,20,24,25,26,27,30,31,32,33,34,41,42,44,46,47
0,1,2,3,4,5,6,8,15,16,18,19,25,29,31,32,33,34,36,37,40,44,47
2,3,4,5,6,7,8,9,12,20,21,22,23,25,27,32,33,34,38,42,43,47,48
2,3,4,5,7,9,12,13,20,21,22,23,24,25,27,30,32,33,36,38,42,43,47
2,4,5,6,7,8,9,12,20,21,22,23,25,27,33,34,43,47
1,3,7,10,12,14,16,17,19,21,22,23,24,26,40,41,42,43,47,48
0,2,4,5,15,16,18,19,20,22,23,26,28,29,33,40,41,44,47,48
6,7,8,9,10,11,12,13,14,16,20,24,25,26,27,30,31,32,33,34,41,44,47
1,4,6,9,10,11,13,14,16,17,18,24,25,26,33,34,35,36,37,38,39
0,1,2,3,4,5,6,7,8,9,12,14,17,18,20,21,25,26,27,33,34,38,39,41,42,48
2,3,5,7,9,10,12,17,20,21,22,23,24,30,38,42,43,47,48
2,3,4,5,7,9,12,20,21,22,23,24,25,27,32,33,38,43,47
0,2,15,16,18,19,20,21,22,23,24,28,29,36,39,40,41,42,43,44,45,46,48
4,6,7,9,10,11,13,16,17,18,22,23,24,25,26,33,34,36,37
1,6,7,10,11,12,13,14,16,17,18,23,24,26,28,29,30,31,33,35,37,40,41
2,5,11,12,13,14,15,16,18,19,22,23,24,29,39,43,44,45,48
2,15,16,18,19,20,21,22,23,24,28,36,38,39,40,42,43,44,45,46,48
2,5,7,8,9,11,13,14,15,25,27,28,30,33,34,36,39,43,45
0,6,7,9,10,11,12,13,14,15,16,17,18,24,25,26,29,30,31,33,34,35,37
0,2,3,4,5,6,15,16,18,19,20,22,28,29,33,34,36,37,40,44,47
0,2,4,5,16,18,19,25,29,33,34,36
2,3,5,7,8,9,11,13,14,15,19,20,25,26,27,28,29,30,31,33,34,35,36,38,39,40,44,45,46,47
1,4,5,6,7,9,10,11,12,13,14,16,17,18,22,23,24,26,28,30,33,36,38,39,40,41,42,43,47,48
2,11,12,15,16,18,19,22,23,24,39,43,44,45,48
6,7,10,13,16,18,22,23,24,26,33,36,41,42,47
6,7,10,12,13,16,18,22,23,24,26,31,33,41,47
5,7,8,11,15,28,29,33,34,36,39,41,43
7,8,10,12,14,17,20,21,22,26,42,43,48
0,2,4,5,18,19,20,25,29,32,34,36,39
1,4,5,7,8,9,17,18,20,21,26,42,48
6,7,8,13,19,20,24,26,27,30,46,47
1,2,4,5,10,13,16,18,26,36,38,39
1,2,3,4,5,7,8,9,10,12,13,14,17,20,21,22,23,24,26,30,33,35,38,40,41,42,43,47,48
0,6,13,15,16,17,18,19,25,26,29,30,31,35,37,44
6,7,9,10,12,13,14,16,17,18,20,22,23,24,26,27,28,30,31,33,34,36,39,40,41,42,44,46,47,48
5,14,15,25,27,29,32,33,34,36,39,43
0,1,2,3,4,5,7,10,12,14,15,16,17,18,22,24,26,28,29,30,33,34,40,42,44,45,46,47,48
6,7,8,9,10,11,12,13,14,15,19,20,24,25,26,27,30,31,32,33,34,35,38,40,41,42,44,46,47
2,3,7,10,12,14,17,20,21,22,26,42,43,47,48
1,4,5,16,17,18,22,24,26,28,29,40,44,47
6,7,10,11,13,16,17,18,23,24,26,33,36,37
4,6,9,10,11,13,16,18,23,24,26,33,36,39
2,3,5,7,8,9,11,13,14,15,19,25,26,27,28,29,30,31,32,33,34,35,36,38,39,43,44,45,46,47
2,5,8,9,11,12,14,15,27,36,39,43,45
4,5,6,10,11,13,16,18,23,24,26,33,36,39
1,4,6,10,13,14,16,17,18,26,33,36,37,40
2,5,10,11,12,13,14,15,23,36,39,43,44,45
0,1,4,5,7,8,9,10,11,12,14,16,17,18,19,20,21,26,28,29,35,38,39,40,41,42,44,45,47,48
2,3,5,7,8,9,10,11,12,13,14,15,16,17,18,23,27,28,29,30,31,34,35,36,38,39,43,44,45,46
0,1,4,6,9,10,11,13,14,15,16,17,18,24,25,26,28,29,30,31,32,33,34,35,36,37,38,39,40,48
0,1,6,7,9,10,11,12,13,14,15,16,17,18,22,23,24,25,26,27,28,29,30,31,33,35,37,41,44,46
0,16,18,19,21,22,23,24,29,43,44,45,48
0,1,2,4,5,10,13,16,18,25,33,36,38
1,2,4,5,6,7,8,9,12,17,20,21,27,33,34,43,48
2,5,8,9,10,11,12,13,14,15,27,35,36,39,43,44,45
3,7,8,10,12,14,17,20,21,22,42,43
6,7,8,9,10,11,12,13,14,15,19,20,24,26,27,28,30,31,33,34,35,39,40,41,42,44,46,47
2,5,7,8,9,11,14,15,25,26,27,45
2,5,9,10,11,12,13,14,15,16,23,35,36,39,43,44,45
0,4,5,18,19,20,25,27,29,34,36,39
2,5,6,7,8,9,10,11,12,13,14,15,19,20,25,26,27,30,31,33,34,35,38,40,44,45,46,47
1,2,3,5,6,7,8,9,10,11,12,13,14,15,19,20,25,26,27,29,30,31,32,35,38,44,45,47
1,12,17,20,21,22,23,24,26,43,48
0,1,2,3,4,5,6,8,15,16,17,18,19,20,22,26,28,29,32,33,34,35,36,37,40,43,44,47,48
6,10,13,16,17,18,23,24,26,33,36
2,5,15,20,23,25,28,29,34,36,39,41
1,4,5,7,8,9,20,21,25,26,33,48
0,2,4,5,15,18,19,20,23,25,28,29,33,34,36,44,47
2,3,4,5,7,8,9,10,11,12,13,14,15,24,25,27,28,29,30,31,33,34,35,36,39,41,43,44,45
2,3,4,5,9,10,11,12,13,14,15,16,17,22,23,24,30,32,33,34,35,36,38,39,43,44,45,46,47
1,2,3,5,9,10,11,12,13,14,15,16,17,18,22,23,24,28,29,30,35,36,38,39,43,44,45,46,48
1,4,5,6,7,9,10,11,13,14,16,17,18,22,23,24,25,26,28,29,33,36,37,38,39,40,41,42,48
1,4,5,7,9,10,20,26,39,42,48
2,5,19,22,23,24,43,44,45,48
2,3,5,7,9,12,17,20,21,22,23,24,42,43,47,48
7,8,11,15,19,20,34,36,39,43
0,1,3,4,5,7,8,9,10,12,13,14,17,18,20,21,26,27,28,35,36,38,39,40,41,42,45,48
2,3,5,7,8,9,11,13,14,15,20,25,27,28,29,30,31,33,34,35,36,39,40,41,43,45,46,47
2,3,4,5,8,14,15,18,19,20,25,28,29,30,31,32,33,34,36,39,44,47
2,3,5,11,12,13,14,15,16,19,22,23,24,30,35,36,39,43,44,45,46
2,5,11,14,15,23,25,27,36,39,43,44,45
2,5,7,8,9,10,11,12,13,14,15,25,27,28,29,30,33,34,35,36,39,45
2,5,7,8,9,11,13,14,15,19,20,27,28,29,33,34,36,39,41,46,47
1,4,5,7,8,9,10,17,18,20,26,42,48
2,5,7,8,9,10,11,12,13,14,15,19,25,27,28,29,35,36,39,44,45
0,2,4,5,8,14,15,18,19,20,23,25,28,29,32,33,34,36,39,41,44,47
2,5,7,8,9,10,11,13,14,15,19,20,27,28,29,30,33,34,35,39,45,47
2,6,7,8,9,10,11,12,13,14,15,16,18,19,27,29,30,31,35,37,44,45
6,7,8,9,10,11,13,14,15,19,20,27,30,31,33,34,35,39,44,46,47
1,4,6,7,9,10,13,14,16,17,18,26,28,29,33,35,40,41,42,47,48
2,5,7,8,9,11,13,14,15,25,27,35,45
1,4,6,7,9,10,13,14,16,17,18,26,28,29,33,36,37,40,41,42,48
2,5,7,8,11,13,14,15,19,27,28,39,45
6,7,8,9,10,11,12,13,14,15,19,20,27,28,29,30,31,35,39,44,47
2,5,7,8,9,11,13,14,15,19,20,27,28,29,30,33,34,36,39,40,41,43,46,47
0,2,3,4,5,6,15,16,18,19,20,22,26,28,29,33,34,36,40,44,47
2,5,7,8,9,11,13,14,15,19,27,39
0,2,3,4,5,15,16,18,19,20,22,26,28,29,33,34,36,37,40,44,47
2,5,7,8,11,13,14,15,19,27,39,45
0,2,5,12,15,16,18,19,22,23,24,29,39,43,44,45,46,48
0,4,5,7,12,19,20,21,22,23,24,26,42,43,47,48
0,2,3,4,5,8,15,18,19,20,25,31,32,33,34,36,39,44,47
0,2,4,5,15,18,19,20,23,25,28,29,32,33,34,36,39,44,47
4,5,7,12,19,20,21,22,23,24,26,42,43,44,47,48
0,4,5,15,16,18,19,20,22,23,28,29,33,34,36,40,44,47
1,4,5,7,8,9,12,17,20,21,22,26,40,42,43,47,48
2,4,5,14,15,18,19,20,23,25,28,29,33,34,36,39,41
2,5,7,8,9,11,13,14,15,25,27,28,33,34,36,39,45
0,1,2,4,5,6,10,13,16,18,20,26,33,36,38,39,42,47
6,7,10,12,13,14,16,17,18,22,23,24,26,27,30,31,41,47
2,5,7,8,9,10,11,12,13,14,15,19,27,28,29,35,39,44,45
2,3,5,11,12,13,15,16,19,22,23,24,36,39,43,44,45,46
2,5,8,11,13,14,15,25,28,29,30,33,34,35,36,39,41
2,3,5,9,10,11,12,13,14,15,23,27,35,36,39,43,44,45
2,3,5,11,12,13,14,15,25,27,33,36,39,43,44,45,46
2,5,10,11,12,13,14,15,16,18,19,23,29,35,43,44,45
2,5,11,12,13,15,22,23,24,25,27,36,39,43,44,45,46
5,7,8,9,11,13,14,15,19,20,27,28,29,33,34,36,39,47
2,5,7,8,9,11,13,14,15,19,20,25,27,30,34,39,45,47
2,4,5,14,15,19,20,21,22,23,28,29,33,34,36,41,44,47
4,5,15,18,19,20,21,22,23,24,28,29,33,36,40,41,44,47
0,2,5,18,19,21,22,23,24,29,43,44,45,46,48
6,7,8,11,13,14,19,20,26,27,30,46,47
0,2,3,4,5,14,15,16,18,19,20,25,28,29,32,33,34,36,39,44,47
0,2,5,11,12,13,15,16,19,22,23,29,44,45
6,7,10,11,13,16,17,18,22,23,24,26,33,36
0,2,3,4,5,10,13,16,18,20,25,29,33,34,36,38,39,40,44,47
2,5,16,18,19,22,23,24,36,39,43,44,45,48
2,5,10,11,12,13,14,15,16,19,23,27,29,30,35,39,43,44,45,46
2,5,11,12,13,15,16,18,19,22,23,24,29,44,45
2,5,7,8,9,11,13,14,15,19,20,27,28,29,30,33,34,36,39,45
2,5,7,8,9,11,13,14,15,19,20,27,28,29,30,33,34,35,36,39
2,5,7,8,9,10,11,13,14,15,19,20,27,30,31,33,34,35,39,45,47
0,2,5,16,18,19,21,22,23,24,29,43,44,45,48
4,5,15,16,18,19,20,21,22,23,24,28,29,33,34,36,40,41,44,47
6,7,8,9,10,11,13,14,15,19,20,27,30,33,34,39,40,46,47
4,5,16,18,19,20,21,22,23,24,28,29,33,36,40,41,44,47,48
5,18,19,20,21,22,23,24,28,36,40,41,44,47,48
1,4,5,6,7,9,10,17,18,20,21,26,40,42,45,48
2,5,8,9,10,11,12,13,14,15,16,19,35,43,44,45
6,7,8,10,11,12,13,14,15,19,20,24,26,27,30,31,41,46,47
1,4,6,7,10,13,14,16,17,18,23,26,29,33,36,37,40,41,48
2,5,10,11,12,13,14,15,16,19,23,29,35,39,44,45
0,1,4,5,6,7,9,10,12,13,14,16,17,18,23,24,26,28,29,33,34,35,36,38,40,41,42,44,47,48
2,3,4,5,7,8,10,11,13,14,15,16,18,19,20,25,28,29,30,31,32,33,34,35,36,39,41,44,46,47
2,3,5,7,8,9,10,11,12,13,14,15,19,20,25,27,28,29,30,31,32,33,34,35,36,39,41,44,46,47
2,3,5,7,8,9,10,11,13,14,15,19,20,21,25,28,29,30,31,32,33,34,35,36,39,40,41,43,44,47
2,4,5,7,8,9,10,11,14,15,19,20,21,23,25,28,29,30,32,33,34,35,36,39,40,41,42,43,44,47
2,4,5,7,8,9,10,11,14,15,19,20,21,22,23,24,25,28,29,30,33,34,35,36,39,40,41,42,43,47
2,3,4,5,7,8,9,10,11,12,13,14,15,18,20,25,27,28,29,30,31,32,33,34,35,36,39,41,44,47
2,3,4,5,7,8,9,10,11,13,14,15,18,20,23,25,27,28,29,30,31,32,33,34,35,36,39,41,44,47
2,3,4,5,8,9,10,11,12,13,14,15,18,20,24,25,27,28,29,30,31,32,33,34,35,36,37,39,41,44
0,2,3,5,7,8,9,10,11,12,13,14,15,17,25,27,28,29,30,31,32,33,34,35,36,38,41,43,45,46
0,1,4,6,7,9,10,11,12,13,14,16,17,18,23,24,26,28,29,30,31,33,34,35,36,37,40,41,42,48
0,1,4,6,7,9,10,11,12,13,14,15,16,17,18,22,24,25,26,29,30,31,33,34,35,36,37,38,39,41
0,2,4,5,7,8,9,10,11,14,15,18,19,20,21,22,23,25,28,29,30,32,33,34,35,36,39,41,44,47
0,1,4,5,6,7,9,10,12,13,14,16,17,18,24,26,28,29,33,34,35,36,38,40,41,42,44,45,47,48
1,4,5,6,7,9,10,12,13,14,16,17,18,22,23,24,26,28,29,30,33,35,36,37,40,41,42,44,47,48
1,4,5,6,7,9,10,12,13,14,16,17,18,22,23,24,26,28,29,30,33,35,36,38,40,41,42,44,47,48
1,4,5,6,7,9,10,12,13,14,16,17,18,22,23,24,26,28,29,30,33,35,36,38,39,40,41,42,47,48
1,4,6,7,9,10,11,12,13,14,16,17,18,22,23,24,26,28,29,30,33,36,37,38,39,40,41,42,47,48
1,6,7,9,10,11,12,13,14,15,16,17,18,22,23,24,25,26,27,28,29,30,31,32,33,35,37,41,44,47
6,7,9,10,11,12,13,14,15,16,17,18,22,23,24,25,26,27,28,29,30,31,32,33,34,35,37,41,44,47
0,1,6,7,9,10,11,12,13,14,15,16,17,18,23,24,26,27,28,29,30,31,32,35,37,38,40,41,44,47
0,1,3,4,5,6,7,9,10,13,14,16,17,18,21,24,26,28,29,33,34,36,38,39,40,41,42,44,47,48
0,1,3,4,5,6,7,9,10,13,14,16,17,18,24,26,28,29,33,34,36,38,39,40,41,42,44,45,47,48
6,7,9,10,11,12,13,14,15,16,17,18,22,23,24,25,26,27,28,29,30,31,32,33,35,37,40,41,44,47
0,2,3,4,5,7,8,9,10,14,15,16,18,19,20,21,22,23,28,29,30,32,33,34,35,36,39,41,44,47
6,7,9,10,11,12,13,14,15,16,17,18,20,22,23,24,26,27,28,29,30,31,35,40,41,42,44,46,47
6,7,8,9,10,11,12,13,14,15,16,17,18,19,20,23,24,26,27,28,29,30,31,35,40,41,44,46,47
6,7,8,9,10,11,12,13,14,15,16,17,18,19,20,25,26,27,28,29,30,31,32,35,37,38,41,44,45
0,2,3,4,5,6,7,14,15,16,18,19,20,21,22,23,28,29,30,32,33,34,35,36,37,39,40,41,44,47
0,2,3,4,5,6,14,15,16,18,19,20,21,22,23,24,28,29,30,32,33,34,35,36,39,40,41,44,47,48
0,1,2,3,4,5,6,8,15,16,17,18,19,20,22,25,28,29,30,32,33,34,35,36,37,40,42,44,47,48
0,1,2,3,4,5,6,7,8,9,10,12,17,18,19,20,21,22,23,24,26,30,33,38,40,41,42,43,47,48
2,5,6,7,8,9,10,11,13,14,15,19,20,25,27,28,29,30,31,33,34,35,36,38,39,40,44,45,46,47
2,5,6,7,8,9,10,11,13,14,15,19,20,25,27,28,30,31,33,34,35,36,38,39,40,41,44,45,46,47
2,5,7,8,9,10,11,13,14,15,19,20,21,22,24,27,28,29,30,33,34,35,36,39,40,41,44,46,47,48
0,2,3,4,5,7,8,10,14,15,16,18,19,20,21,22,23,28,29,30,31,32,33,34,35,36,39,41,44,47
6,7,9,10,11,12,13,14,15,16,17,18,22,23,24,25,26,27,28,30,31,32,33,34,35,36,37,41,42,47
0,2,3,4,5,7,10,14,15,16,18,19,20,21,22,23,28,29,30,32,33,34,35,36,39,40,41,44,47,48
0,2,3,4,5,7,9,10,14,15,16,18,19,20,21,22,23,28,29,30,32,33,34,35,36,40,41,44,47,48
0,2,3,4,5,9,10,14,15,16,18,19,20,21,22,23,28,29,32,33,34,35,36,40,41,42,44,46,47,48
2,3,5,7,8,9,10,11,13,14,15,19,20,21,27,28,29,30,31,32,33,34,35,36,39,40,41,44,46,47
2,5,7,8,9,10,11,13,14,15,19,20,21,27,28,29,30,31,32,33,34,35,36,39,40,41,43,44,46,47
2,5,7,8,9,10,11,13,14,15,18,19,20,21,22,28,29,30,32,33,34,35,36,39,40,41,44,46,47,48
2,5,7,8,9,10,11,13,14,15,19,20,21,22,28,29,30,32,33,34,35,36,39,40,41,43,44,46,47,48
2,5,7,8,9,10,11,14,15,19,20,21,22,28,29,30,32,33,34,35,36,39,40,41,42,43,44,46,47,48
2,3,4,5,7,8,9,10,11,13,14,15,16,18,19,20,25,28,29,30,31,32,33,34,35,36,39,41,44,47
2,3,4,5,7,8,9,10,11,14,15,16,18,19,20,23,25,28,29,30,31,32,33,34,35,36,39,41,44,47
0,2,3,4,5,7,8,9,10,11,14,15,18,19,20,21,23,25,28,29,30,32,33,34,35,36,39,41,44,47
0,1,2,3,4,5,6,7,14,15,16,17,18,19,20,22,24,26,28,29,33,34,37,40,41,42,44,46,47,48
6,7,8,10,11,12,13,14,15,16,18,19,20,21,22,23,24,26,27,28,29,30,31,33,40,41,42,44,46,47
6,7,8,10,11,12,13,14,15,16,18,19,20,21,22,23,24,26,27,28,30,31,33,39,40,41,42,44,46,47
6,7,8,10,11,12,13,14,15,16,19,20,21,22,23,24,26,27,28,30,31,33,39,40,41,42,44,46,47,48
0,1,3,4,5,7,9,12,13,17,18,19,20,21,22,23,24,25,26,30,33,35,36,40,41,42,43,44,47,48
0,1,3,4,5,7,9,12,13,16,17,18,19,20,21,22,23,24,25,26,28,30,35,40,41,42,43,44,47,48
2,3,4,5,6,7,8,9,12,19,20,21,22,23,24,25,26,27,30,32,33,36,38,39,42,43,44,46,47,48
1,2,3,4,5,7,8,9,12,19,20,21,22,23,24,25,26,27,30,32,33,36,38,39,42,43,44,46,47,48
1,2,3,4,5,7,8,9,12,19,20,21,22,23,24,25,26,27,30,32,33,36,38,41,42,43,44,46,47,48
1,2,3,4,5,7,8,9,12,13,19,20,21,22,23,24,25,27,30,32,33,36,38,40,41,42,43,44,47,48
2,3,4,5,7,8,9,12,13,17,19,20,21,22,23,24,25,27,30,32,33,36,38,40,41,42,43,44,47,48
0,2,3,4,5,6,7,14,15,16,18,19,20,22,23,24,26,28,29,32,33,34,36,37,39,40,42,44,47,48
0,1,2,3,4,5,7,10,14,15,16,17,18,19,20,22,24,26,28,29,33,34,36,40,41,42,44,46,47,48
6,7,8,9,10,11,12,13,14,15,19,20,21,22,23,24,26,27,28,29,30,31,33,35,39,40,41,44,46,47
6,7,8,9,10,11,12,13,14,15,19,20,21,22,23,24,26,27,28,30,31,33,36,39,40,41,42,44,46,47
6,7,8,9,10,11,12,13,14,15,19,20,21,22,23,24,27,28,30,31,33,36,39,40,41,42,44,46,47,48
1,6,7,8,9,10,11,12,13,14,15,16,17,18,19,26,27,28,29,30,31,32,35,37,38,41,44,45,46,47
1,6,7,8,9,10,11,12,13,14,15,16,17,18,19,25,26,27,28,29,30,31,32,35,37,38,41,44,45,46
1,2,6,7,8,9,10,11,12,13,14,15,16,17,18,19,25,26,27,28,29,30,31,32,35,37,38,41,44,45
1,2,3,4,5,6,7,8,9,12,17,20,21,22,23,24,25,26,27,30,32,33,34,37,38,39,42,43,47,48
0,2,3,4,5,6,7,14,15,16,18,19,20,23,25,28,29,30,32,33,34,35,36,37,39,40,42,44,47,48
0,2,3,4,5,6,7,14,15,16,18,19,20,22,23,25,28,29,30,32,33,34,35,36,37,39,40,42,44,47
6,7,8,9,10,11,13,14,15,19,20,21,22,23,24,27,28,29,30,33,34,35,36,39,40,41,44,46,47,48
1,2,6,7,8,9,10,11,12,13,14,15,16,17,18,19,26,27,28,29,30,31,32,35,37,38,41,44,45,46
0,1,2,3,4,5,6,7,10,14,15,16,17,18,20,21,22,23,24,26,28,29,33,34,36,40,42,44,47,48
1,6,7,8,9,10,11,12,13,14,15,16,17,18,23,24,26,27,28,29,30,31,32,35,37,38,40,41,44,47
0,1,6,7,8,9,10,11,12,13,14,15,16,17,18,19,23,26,27,28,29,30,31,32,35,37,38,41,44,47
0,1,6,7,8,9,10,11,12,13,14,15,16,17,18,19,25,26,27,28,29,30,31,32,35,37,38,41,44,47
0,1,2,3,4,5,6,7,10,13,14,16,17,18,20,21,26,28,29,33,34,35,36,38,39,40,42,44,47,48
0,1,2,3,4,5,6,7,10,13,14,16,17,18,20,26,28,29,33,34,35,36,38,39,40,42,44,45,47,48
6,7,9,10,11,12,13,14,15,16,17,18,20,22,23,24,26,27,28,29,30,31,33,35,37,40,41,42,44,47
0,1,2,3,4,5,6,7,10,13,14,16,17,18,20,21,24,26,28,29,30,33,34,36,39,40,42,44,47,48
0,1,2,3,4,5,6,7,10,13,14,16,17,18,20,21,24,26,28,29,30,33,34,36,40,42,44,45,47,48
6,7,9,10,11,12,13,14,15,16,17,18,20,22,23,24,26,27,28,29,30,31,33,35,37,40,41,44,46,47
6,7,9,10,11,12,13,14,15,16,17,18,20,22,23,24,26,27,28,29,30,31,35,37,40,41,42,44,46,47
0,1,3,4,5,6,7,10,14,15,16,17,18,20,21,22,23,24,26,28,29,33,34,36,39,40,42,44,47,48
0,1,2,3,4,5,6,7,10,13,14,16,17,18,26,28,29,33,34,35,36,38,39,40,42,44,45,47,48
0,1,2,3,4,5,6,7,10,14,15,16,17,18,20,21,22,24,26,28,29,30,33,34,36,40,42,44,47,48
0,1,2,3,4,5,7,10,14,15,16,17,18,19,20,21,22,24,26,28,29,30,33,34,36,40,42,44,47,48
6,7,8,9,10,11,12,13,14,15,16,17,18,19,20,23,24,26,27,28,29,30,31,33,40,41,42,44,46,47
6,7,8,9,10,11,12,13,14,15,16,17,18,19,20,22,23,24,26,27,28,30,31,33,40,41,42,44,46,47
6,7,8,9,10,11,12,13,14,15,16,17,19,20,22,23,24,26,27,28,30,31,33,39,40,41,42,44,46,47
0,1,2,3,4,5,6,7,10,13,14,15,16,18,19,25,26,28,29,32,33,34,36,37,38,39,40,42,44,47
0,1,2,3,4,5,6,7,10,13,14,15,16,17,18,19,25,26,28,29,32,33,34,36,37,38,40,42,44,47
0,1,2,3,4,5,6,7,8,10,14,15,16,17,18,19,25,26,28,29,30,31,32,33,34,36,40,42,44,47
0,2,3,4,5,6,7,10,14,15,16,17,18,19,20,22,23,24,26,28,29,33,34,36,39,40,42,44,47,48
0,1,2,3,4,5,6,7,10,14,15,16,17,18,19,20,22,23,24,26,28,29,33,34,36,40,42,44,47,48
0,1,2,3,4,5,7,10,14,15,16,17,18,19,20,22,24,26,28,29,33,34,36,37,40,41,42,44,47,48
2,3,4,5,6,7,8,9,10,12,17,20,21,22,23,24,25,32,33,34,38,42,43,47,48
0,1,6,7,9,10,11,12,13,14,16,17,18,24,26,28,29,30,31,33,35,37,40,41
1,4,5,6,7,9,10,13,14,16,17,18,26,28,29,33,35,36,37,38,40,41,42,48
1,6,7,9,10,11,12,13,14,16,17,18,23,24,26,28,29,30,33,35,36,37,40,41
6,7,10,11,12,13,14,16,17,18,22,23,24,26,28,30,31,33,36,37,40,41,42,47
0,6,7,8,9,10,11,12,13,15,16,17,18,19,25,26,27,29,30,31,32,35,37,44
2,5,7,8,9,11,13,14,15,19,20,25,27,28,29,30,33,34,35,36,39,41,43,45,47
0,1,2,3,4,5,6,7,8,9,10,14,18,20,21,25,26,27,33,34,36,38,39,42,48
1,4,6,7,10,12,13,14,16,17,18,22,23,24,26,28,29,30,33,37,40,41,42,47,48
0,1,2,3,4,5,7,10,13,14,16,17,18,24,26,28,29,33,34,36,40,42,44,47,48
6,7,10,12,13,14,15,16,17,18,19,20,22,23,24,26,27,28,30,31,40,41,44,46,47
0,2,3,4,5,6,7,14,15,16,18,19,20,23,26,28,29,33,34,36,37,40,44,47,48
2,3,5,8,9,10,11,12,13,14,15,19,25,27,29,30,32,35,36,39,43,44,45,46
1,2,3,4,5,7,8,9,10,12,14,17,20,21,22,23,24,26,30,38,40,41,42,43,47,48
2,5,7,8,9,10,11,13,14,15,19,20,27,28,29,30,33,34,35,36,39,40,41,44,46,47
2,5,7,8,9,11,13,14,15,19,20,21,27,28,29,30,33,34,36,39,40,41,43,46,47,48
2,5,7,8,9,10,11,13,14,15,19,20,25,28,29,30,32,33,34,35,36,39,41,43,44,47
2,3,4,5,8,11,13,14,15,19,20,25,27,28,29,30,31,32,33,34,35,36,39,41,44,47
0,1,2,3,4,5,6,7,8,9,10,14,18,20,25,26,27,33,34,36,38,39,40,42,47,48
2,3,4,5,8,9,10,11,12,13,14,15,23,25,27,30,32,33,34,35,36,39,43,44,45,46
2,3,4,5,11,12,13,14,15,22,23,24,25,27,32,33,34,35,36,38,39,43,44,45,46,47
0,1,6,7,9,10,11,12,13,14,16,17,18,23,24,26,28,29,30,33,35,37,40,41,42,48
0,1,6,7,9,10,11,12,13,14,16,17,18,23,24,26,28,29,30,31,33,35,37,40,41,42
0,1,4,5,6,7,9,10,13,14,16,17,18,26,28,29,33,35,36,38,40,41,42,45,47,48
1,6,7,9,10,11,12,13,14,16,17,18,23,24,26,28,29,30,31,33,35,37,41
6,7,8,10,11,12,13,14,15,16,19,20,24,26,27,28,30,31,41,44,46,47
0,4,5,15,16,18,19,20,21,22,23,24,26,28,29,33,34,36,40,44,47,48
2,4,5,14,15,16,18,19,20,21,22,23,24,28,29,33,34,36,40,41,44,47,48
0,2,3,4,5,6,15,16,18,19,20,22,23,28,29,33,34,36,40,41,44,47,48
1,2,3,4,5,6,7,8,9,12,17,20,21,22,23,24,26,33,38,42,43,47,48
1,2,3,5,7,8,9,10,12,14,17,20,21,22,23,24,26,40,41,42,43,47,48
2,4,5,7,8,14,15,18,19,20,21,22,23,28,29,33,34,36,39,40,41,44,47
0,2,3,4,5,15,16,18,19,20,22,23,25,28,29,33,34,35,36,41,44,47,48
2,3,4,5,8,14,15,18,19,20,25,27,28,29,30,31,32,33,34,36,39,44,47
2,3,5,10,11,12,13,14,15,16,19,23,24,27,30,35,36,38,39,43,44,45,46
2,3,5,11,12,13,14,15,19,22,23,24,25,27,30,32,33,36,39,43,44,45,46
1,4,6,7,9,10,11,13,14,16,17,18,24,26,28,29,33,35,36,37,38,39,40,41,42,48
1,4,6,7,10,13,14,16,17,18,22,23,24,26,28,29,33,37,40,41,42,47,48
6,7,8,9,10,11,12,13,14,15,16,17,20,25,26,27,30,31,35,37,41,44,47
0,2,3,4,5,6,7,10,13,14,16,18,20,26,33,34,36,38,39,40,42,44,47
0,1,2,3,4,5,6,7,10,13,16,18,20,26,33,34,36,38,39,40,42,44,47
0,2,3,4,5,6,15,16,18,19,20,22,24,26,28,29,33,34,37,40,44,47,48
2,3,4,5,7,8,9,10,12,17,20,21,22,23,24,30,32,33,38,42,43,47,48
2,6,7,8,9,10,11,12,13,14,15,16,17,18,19,27,29,30,31,35,37,38,44,45
5,7,8,9,10,11,13,14,15,19,20,27,28,29,30,33,34,35,36,39,41,44,46,47
2,5,7,8,9,11,13,14,15,19,20,25,28,29,30,32,33,34,35,36,39,41,43,47
2,5,7,8,9,10,11,13,14,15,19,25,27,28,29,30,32,33,34,35,36,39,44,45
2,5,7,8,9,10,11,13,14,15,19,25,27,28,29,30,31,32,33,34,35,36,39,45
0,1,2,3,4,5,6,7,9,10,13,14,16,17,18,26,28,29,33,34,36,38,40,42,44,45,47,48
6,7,8,9,10,11,13,14,15,19,20,21,27,28,29,30,31,33,34,35,36,39,40,41,44,46,47
2,6,7,8,9,10,11,12,13,14,15,16,17,18,19,27,28,29,30,31,32,35,37,38,44,45,46,47
0,2,4,5,9,10,14,15,16,18,19,20,21,22,23,28,29,33,34,35,36,40,41,42,44,46,47,48
2,5,7,8,9,10,11,13,14,15,19,20,21,28,29,30,32,33,34,35,36,39,40,41,43,44,46,47
2,3,5,7,8,9,11,13,14,15,19,20,25,28,29,30,31,32,33,34,35,36,39,41,43,45,46,47
2,5,7,8,9,10,11,13,14,15,19,20,25,27,28,29,30,31,32,33,34,35,36,39,41,44,46,47
2,3,5,7,8,9,10,11,12,13,14,15,19,25,27,28,29,30,32,33,34,35,36,39,43,44,45,46
2,3,4,5,7,8,9,10,11,12,13,14,15,23,25,27,28,29,30,31,32,33,34,35,36,39,43,45
1,6,7,10,11,12,13,14,16,17,18,22,23,24,26,28,29,30,31,33,35,37,40,41,42,44,47,48
1,6,7,9,10,11,12,13,14,15,16,17,18,23,24,26,27,28,29,30,31,33,35,37,40,41,44,47
1,6,7,9,10,11,12,13,14,15,16,17,18,23,24,26,27,28,29,30,31,32,35,37,38,41,44,47
1,2,3,4,5,6,7,8,9,12,17,20,21,22,23,24,25,26,30,32,33,34,38,42,43,47,48
6,7,8,9,10,11,12,13,14,15,16,17,18,20,23,24,26,27,28,29,30,31,32,35,37,41,44,47
6,7,8,9,11,13,14,15,19,20,21,22,24,27,28,29,30,33,34,36,39,40,41,42,44,46,47,48
6,7,8,9,10,11,12,13,14,15,19,20,24,27,28,29,30,31,33,34,35,36,39,40,41,44,46,47
2,7,8,9,10,11,12,13,14,15,19,20,25,27,28,29,30,31,32,33,34,35,38,39,41,44,45,46,47
2,4,5,7,8,10,11,14,15,16,18,19,20,21,22,23,28,29,30,32,33,34,35,36,39,40,41,44,47
2,5,7,8,9,10,11,14,15,19,20,21,22,23,28,29,30,33,34,35,36,39,40,41,43,44,46,47,48
2,3,4,5,7,8,10,11,14,15,16,18,19,20,23,25,28,29,30,31,32,33,34,35,36,39,41,44,47
2,3,4,5,7,8,10,11,13,14,15,18,19,20,25,27,28,29,30,31,32,33,34,35,36,39,41,44,47
2,3,5,7,8,9,10,11,12,13,14,15,25,27,28,29,30,31,32,33,34,35,36,38,41,43,44,45,46
0,1,4,5,6,7,9,10,13,14,16,17,18,24,26,28,29,33,35,36,38,39,40,41,42,44,45,47,48
6,7,9,10,11,12,13,14,15,16,17,18,22,23,24,26,27,28,29,30,31,33,35,37,40,41,42,44,47
2,5,7,8,9,10,11,12,13,14,15,19,20,25,27,28,29,30,31,32,33,34,35,39,44,45,47
1,6,7,9,10,11,12,13,14,16,17,18,23,24,26,28,29,30,31,33,35,37,40,41,42,47
1,4,6,7,9,10,11,12,13,14,16,17,18,23,24,26,28,29,30,31,33,35,36,37,40,41
1,6,7,9,10,11,12,13,14,15,16,17,18,23,24,26,28,29,30,31,33,35,37,40,41,44
1,4,5,6,7,9,10,11,13,14,16,17,18,22,23,24,26,28,33,36,38,39,40,41,42,48
0,1,2,3,4,5,6,7,9,10,13,14,16,17,18,26,28,29,33,36,38,40,42,44,47,48
0,1,4,5,7,10,14,16,17,18,20,21,23,24,26,28,29,33,34,36,40,41,42,44,47,48
0,1,4,5,7,10,14,16,17,18,20,22,23,24,26,28,29,33,34,36,40,41,42,44,47,48
0,6,7,8,9,10,11,12,13,15,16,17,18,19,26,27,28,29,30,31,32,35,37,38,44,45
0,1,2,3,4,5,6,7,10,13,14,16,18,20,25,26,29,33,34,36,38,39,40,42,44,47
6,7,10,12,13,14,16,17,18,19,20,21,22,23,24,26,27,28,30,31,40,41,42,44,46,47
2,5,7,8,9,10,11,12,13,14,15,19,20,27,28,29,30,31,33,34,35,38,39,44,45,46,47
1,6,7,10,11,12,13,14,16,17,18,22,23,24,26,28,29,33,36,37,40,41
2,3,4,5,8,11,14,15,16,18,19,20,23,25,28,29,30,31,32,33,34,35,36,39,41,44,47
2,3,5,8,9,10,11,12,13,14,15,16,19,25,27,29,30,32,33,35,36,38,39,43,44,45,46
0,1,4,6,7,9,10,11,13,14,16,17,18,24,26,28,29,30,31,33,34,35,36,37,40,41,48
2,3,5,9,10,11,12,13,14,15,16,18,19,22,23,24,28,29,30,35,36,38,39,43,44,45,48
2,3,5,9,10,11,12,13,14,15,16,18,19,23,24,25,27,29,30,35,36,38,39,43,44,45,46
1,6,7,9,10,11,12,13,14,16,17,18,23,24,26,28,29,30,31,33,35,37,40,41,42,44,47
1,6,7,9,10,11,12,13,14,15,16,17,18,23,24,25,26,27,28,29,30,31,35,37,41,44,47
0,1,3,4,5,7,10,14,16,17,18,21,22,23,24,26,28,29,33,34,36,40,41,42,44,47,48
6,7,9,10,11,12,13,14,15,16,17,18,20,22,23,24,26,27,28,30,31,40,41,42,44,46,47
6,7,8,9,10,11,12,13,14,15,16,17,18,19,20,25,26,27,29,30,31,32,35,37,38,44,45
