22,23,24,25,26,29,45,46,47,48,49,51,61,63,66,70,71,73,75,77
0,1,2,3,4,5,6,7,8,9,10,11,12,13,14,15,16,17,18,19,20,21,22,23,24,25,26,32,33,35,43,52,54,56,57,58,65,76,79,80
27,28,29,30,33,34,35,36,37,45,51,59,62,64,68,69,70,71,73,78
22,23,24,25,26,45,46,47,48,49,51,61,63,66,70,71,73,74,75,77
0,1,2,3,5,6,8,9,10,11,12,14,21,27,28,31,32,38,39,40,41,42,43,44,51,53,54,56,60,61,62,64,65,67,68,72,74,76,78,79,80
22,23,24,25,26,45,46,47,48,49,51,61,63,64,66,70,71,72,73,75,77
0,1,2,3,5,6,8,9,10,11,12,14,21,27,32,38,39,40,41,42,43,44,48,49,50,51,53,54,56,60,61,62,64,65,67,68,72,74,76,78,79,80
27,28,29,30,38,39,40,41,42,51,52,53,55,56,60,62,63,64,66,69,70,72,73,75,77
13,17,19,20,22,23,24,25,26,29,30,31,33,34,35,36,37,45,46,47,49,58,59,61,62,63,64,67,68,69,70,71,73,74,77,78
17,22,23,24,25,26,29,30,34,45,46,59,62,63,64,66,67,68,69,70,71,73,77
21,28,33,38,39,40,41,42,51,55,57,59,60,61,62,64,67,68,72,78
0,1,2,3,5,6,8,9,10,11,12,14,21,31,32,36,37,38,39,40,41,42,43,44,51,53,54,56,61,62,64,65,67,68,72,74,76,78,79,80
17,22,26,27,28,29,30,33,34,35,36,37,45,52,58,59,62,64,67,68,69,70,71,73,78
0,1,2,3,5,6,8,9,10,11,12,14,21,26,32,39,40,43,44,54,56,61,62,64,65,67,68,72,74,76,78,79,80
11,21,27,28,38,39,40,41,42,51,53,57,60,61,62,64,67,68,72,78
0,1,2,3,4,5,6,7,8,9,11,12,17,20,21,22,23,24,25,26,31,34,35,36,37,43,45,46,47,58,59,65,69,70,71,73,76,78,79,80
11,27,28,29,38,39,40,41,42,51,52,53,55,57,60,61,62,64,67,72
27,28,29,38,39,40,41,42,52,53,55,56,59,60,62,63,64,66,67,72,75,77
27,28,29,38,39,40,41,42,44,48,51,52,53,55,60,63,66,69,70,73,75,77
27,28,29,38,39,40,41,42,51,52,53,62,64,67,68,69,70,71,72,73,78
17,20,22,23,24,25,26,29,45,47,59,62,63,64,66,67,68,72,74,77,78
0,1,2,3,4,5,6,7,8,9,10,11,12,13,17,19,20,21,22,23,24,25,26,31,32,34,35,36,37,43,45,46,47,49,58,59,61,65,76,78,79,80
11,14,21,27,28,32,38,39,40,41,42,44,51,52,53,54,56,60,61,62,64,67,68,72,78
2,3,5,6,8,9,12,14,21,27,28,29,31,32,36,37,38,39,40,41,42,43,51,52,53,54,57,58,59,60,61,62,64,65,67,68,72,76,78,79
21,28,33,38,39,40,41,42,55,56,57,59,60,61,62,64,67,68,72,77,78
0,1,2,3,4,5,6,7,8,9,10,11,12,13,16,17,18,19,20,21,22,23,24,25,26,27,32,35,43,52,53,54,58,65,76,79,80
0,1,2,3,5,6,8,9,10,11,12,14,21,27,28,31,32,36,37,38,39,40,41,42,43,44,51,53,54,58,59,61,62,64,65,67,68,72,76,78,79,80
0,1,2,3,4,5,6,7,8,9,10,11,12,13,16,17,18,19,20,21,22,23,24,25,26,32,34,35,43,52,53,54,58,59,60,61,65,76,78,79,80
0,1,2,3,4,5,6,7,8,9,11,12,17,20,22,23,24,25,26,29,31,34,35,36,37,43,45,47,58,59,65,69,70,71,73,76,77,78,79,80
21,27,28,31,33,38,39,40,41,42,55,57,59,60,61,62,64,67,68,72,78
21,27,28,33,38,39,40,41,42,53,55,57,59,60,61,62,64,67,68,72,75,77,78
27,28,29,33,38,39,40,41,42,52,53,55,56,59,60,62,64,67,72,75,77
0,2,3,5,6,8,9,10,12,14,21,27,28,31,32,36,37,38,39,40,41,42,43,50,51,52,53,54,57,58,59,61,63,65,66,75,76,77,78,79,80
0,2,3,4,5,6,7,8,9,10,12,14,21,32,37,38,39,40,41,42,43,47,50,53,54,57,61,63,65,66,71,75,76,77,79,80
11,27,28,38,39,40,41,42,48,51,53,56,61,62,64,67,68,69,70,71,72,73,78
0,2,3,5,6,8,9,10,12,14,21,27,28,31,32,36,37,38,39,40,41,42,43,50,51,53,54,57,59,60,61,63,65,66,71,75,76,77,78,79,80
24,25,26,39,45,46,47,48,49,51,53,57,61,63,66,70,71,73,75,77
10,13,14,15,16,17,18,19,20,22,23,24,25,26,27,28,29,31,32,33,34,40,43,44,45,46,47,48,49,50,51,52,53,54,55,56,57,58,60,61,74,76
9,10,12,14,15,24,25,26,38,39,41,42,43,45,46,47,49,50,51,53,55,57,61,63,66,70,71,73,75,76,77
11,16,17,18,19,20,22,23,24,25,26,45,46,47,49,50,51,56,61,62,64,67,68,72,74,78
0,2,3,4,5,6,7,8,9,10,12,14,15,24,25,26,32,38,39,41,42,43,45,47,50,51,53,54,55,57,61,63,66,70,71,73,75,76,77,79,80
0,2,3,4,5,6,7,8,9,12,21,43,54,56,63,65,66,75,76,77,79,80
0,2,3,4,5,6,7,8,9,10,12,14,37,38,39,40,41,42,43,45,47,50,51,53,54,56,57,61,63,66,70,71,73,75,76,77,79,80
0,1,2,3,4,5,6,7,8,9,10,11,12,14,21,30,36,37,38,39,40,41,42,43,50,52,54,56,57,58,63,65,66,69,70,71,73,75,76,77,79,80
14,27,28,32,38,39,40,41,42,43,44,47,48,53,55,57,60,61,63,66,69,71,75,77
11,38,39,41,42,48,51,56,61,62,64,67,68,69,70,71,72,73,74,78
2,3,5,6,8,9,12,21,27,28,29,30,31,32,36,37,38,39,40,41,42,43,51,52,53,54,56,58,59,61,65,72,75,77,78,79
11,15,27,28,36,37,38,39,40,41,42,51,53,55,56,58,60,63,69,70,71,73,78
0,1,2,3,4,5,6,7,8,9,11,12,15,21,32,34,43,52,53,58,65,76,79,80
11,15,26,39,42,48,51,56,61,62,64,67,68,69,70,71,72,73,74,78
0,1,2,3,4,5,6,7,8,9,11,12,14,21,30,43,52,56,57,65,76,79,80
0,1,2,3,5,6,8,9,10,11,12,13,14,21,28,31,32,36,37,38,39,40,41,42,43,51,54,55,57,58,59,61,62,64,65,67,68,72,76,78,79,80
0,2,3,4,5,6,7,8,9,10,12,14,37,38,39,41,42,43,47,50,53,56,57,63,66,70,71,73,74,75,76,77,79,80
16,17,18,19,20,22,23,24,25,26,34,44,45,46,48,49,54,61,70,71,73,75
0,1,2,3,4,5,6,7,8,9,10,12,14,21,28,31,32,36,37,38,39,40,41,42,43,50,51,54,57,58,59,61,63,65,66,75,76,77,78,79,80
2,3,5,6,8,9,12,13,16,17,18,19,21,22,23,24,25,26,31,32,33,34,44,45,46,48,49,54,56,58,59,60,65,79
0,1,2,3,4,5,6,7,8,9,11,12,13,17,20,22,23,24,25,26,27,28,32,34,35,65,79,80
24,26,38,41,42,43,44,45,46,47,48,49,55,61,66,69,71,74,75,77
3,6,9,10,11,14,21,32,38,39,40,41,42,44,48,49,50,51,54,56,60,61,62,67,68,69,70,71,72,73,74,78
0,2,3,4,5,6,7,8,9,10,12,14,21,24,25,26,32,38,39,41,42,43,45,47,50,53,54,57,61,63,65,66,70,71,73,75,76,77,79,80
10,13,15,16,18,19,20,23,24,25,26,27,28,29,31,32,34,40,45,46,47,48,49,50,51,52,53,54,55,56,60,61,74,76
23,24,26,29,44,45,46,47,48,49,51,55,61,63,66,69,71,74,75,77
3,6,12,38,39,40,41,42,43,44,47,57,60,61,63,66,69,71,75,77
0,1,2,3,4,5,6,7,8,9,10,11,12,14,21,30,36,37,38,39,40,41,42,43,50,56,57,63,65,66,70,71,73,74,75,76,77,79,80
0,1,2,3,4,5,6,7,8,9,11,12,13,15,16,17,18,19,20,21,22,23,24,25,26,30,32,33,34,37,43,45,46,47,52,56,58,65,76,79,80
0,1,2,3,4,5,6,7,8,9,11,12,13,15,17,19,20,21,22,23,24,25,26,30,32,33,34,37,43,45,47,52,55,56,57,58,65,76,79,80
11,17,20,22,23,24,25,26,29,30,31,34,45,47,59,69,70,71,73,74,77,78
9,10,12,14,15,24,25,26,38,39,40,41,42,43,44,45,46,47,48,49,55,57,61,63,66,71,75,76,77
13,26,28,31,36,37,38,39,41,42,45,48,51,53,55,62,68,69,70,73,74,75
16,18,19,22,23,24,25,26,27,34,44,45,46,48,49,54,61,70,71,73,75
2,3,5,6,8,9,12,13,16,17,18,19,21,22,23,24,25,26,31,32,33,54,56,58,60,65,79
0,1,2,3,4,5,6,7,8,9,10,12,14,21,37,38,39,40,41,42,43,50,56,57,63,65,66,70,71,73,74,75,76,77,79,80
0,1,2,3,5,6,8,9,12,13,14,21,28,30,31,32,36,37,38,39,41,42,43,51,54,55,57,58,59,61,62,64,65,67,68,72,76,78,79,80
13,14,15,17,19,20,22,23,24,25,26,29,31,34,45,46,47,49,50,59,61,74,77,78
11,27,28,29,36,37,38,39,40,41,42,51,52,53,58,69,70,71,73,78
13,15,16,19,22,23,24,25,26,37,38,41,42,43,44,45,46,47,48,49,50,55,61,66,69,74,75,77
0,2,3,5,6,8,9,10,12,14,21,31,32,38,39,40,41,42,43,44,47,50,54,57,59,60,61,63,65,66,71,75,76,77,78,79,80
10,16,18,19,27,33,44,45,46,48,49,52,53,54,58,60,61,69,70,71,73,76
0,2,3,5,6,8,9,10,11,12,14,39,40,43,44,46,49,50,53,54,56,57,61,62,64,65,67,68,69,70,71,72,73,74,76,78,79,80
3,10,11,12,14,16,18,24,25,26,40,44,45,46,49,51,53,54,56,60,61,62,64,67,68,72,74,76,78
13,14,15,17,19,20,22,23,24,25,26,29,30,31,34,45,46,47,59,74,77,78
0,1,2,3,4,5,6,7,8,9,10,11,12,13,16,17,18,19,20,21,22,23,24,25,26,32,33,43,52,53,54,58,59,65,69,70,71,73,76,78,79,80
13,15,26,28,37,38,39,41,42,43,44,45,47,48,51,55,60,69,70,73,74,77
10,16,18,24,25,26,40,45,46,49,50,51,53,54,55,56,60,61,62,64,67,68,72,74,76,78
10,14,39,50,52,53,54,57,61,62,64,67,68,69,70,71,72,73,75,76
3,6,14,21,28,32,38,39,40,41,42,43,44,47,57,60,61,63,66,69,75,77
0,1,2,3,5,6,8,9,11,12,14,15,21,25,26,31,32,37,43,45,47,56,59,61,62,64,65,67,68,72,76,78,79,80
2,3,5,6,7,8,9,12,22,23,24,25,26,43,45,46,47,48,49,63,66,70,71,73,75,77
1,9,11,14,21,28,32,38,39,40,41,42,44,48,50,51,54,56,57,60,61,62,67,68,69,72,78
0,2,3,4,5,6,7,8,9,10,12,14,32,43,50,52,53,54,57,58,63,66,70,71,73,75,76,77,79,80
10,14,39,43,50,53,57,62,63,64,66,67,68,69,70,71,72,73,75,76
11,14,15,16,25,26,38,39,41,42,44,45,46,48,49,50,54,56,61,62,64,67,68,69,70,71,72,73,74,78
0,1,2,3,4,5,6,7,8,9,11,12,13,15,17,18,19,20,21,22,23,24,25,26,30,32,33,34,37,43,45,46,47,52,56,58,65,76,79,80
0,1,2,3,4,5,6,7,8,9,10,11,12,14,18,21,30,34,36,37,38,39,40,41,42,43,50,52,54,55,56,57,58,65,69,70,71,73,75,76,79,80
0,1,2,3,4,5,6,7,8,9,11,12,16,18,19,21,24,30,34,37,43,52,54,56,58,65,76,79,80
0,1,2,3,4,5,6,7,8,9,11,12,13,15,16,17,18,19,20,21,22,23,24,25,26,30,32,33,34,37,43,45,47,52,55,56,58,65,76,79,80
13,14,15,17,19,20,22,23,24,25,26,32,34,43,45,46,47,58,59,76
13,14,15,16,26,27,28,29,32,36,37,38,39,40,41,42,43,44,45,47,48,50,51,53,55,57,60,61,62,69,70,73,74,75,77
10,14,15,16,18,19,20,24,25,26,27,28,29,31,34,44,45,46,47,48,49,50,51,52,53,54,55,57,60,61,63,69,70,71,73,75,76,77
11,13,14,15,16,17,18,19,20,22,23,24,25,26,27,28,29,32,34,43,45,46,47,48,49,52,58,61,76
2,3,5,6,8,9,12,13,15,21,26,31,32,45,47,58,59,61,62,64,67,68,72,78
13,14,17,19,20,22,23,24,25,26,29,30,31,34,43,45,46,47,59,74,77,78
0,1,2,3,4,5,6,7,8,9,10,11,12,14,21,30,36,37,39,40,43,44,45,47,56,57,61,64,65,67,68,72,74,76,79,80
13,15,16,17,19,22,26,28,33,34,36,37,45,46,47,48,49,50,51,56,60,61,62,63,64,67,68,69,70,71,72,73,78
13,14,15,16,23,26,28,32,37,38,39,41,42,43,44,45,47,48,50,55,57,60,61,69,70,73,74,77
0,1,2,3,4,5,6,7,8,9,11,12,13,15,17,19,20,22,23,24,25,26,27,28,29,32,34,43,45,46,47,48,52,58,65,76,79,80
0,2,3,4,5,6,7,8,9,10,11,12,14,30,37,39,40,43,44,52,53,55,56,57,58,59,61,65,74,76,77,79,80
0,3,5,6,8,10,11,12,14,40,43,44,46,49,53,54,56,57,61,64,66,67,68,69,70,71,72,73,74,75,76,78
0,1,2,3,4,5,6,7,8,9,11,12,13,15,17,20,21,22,23,24,25,26,31,32,33,34,43,45,47,56,62,64,65,67,68,72,76,78,79,80
13,14,15,16,19,22,23,24,26,28,32,36,37,38,39,41,42,43,44,45,46,47,48,49,50,55,57,60,61,69,74,75,77
2,3,5,6,9,12,21,27,28,29,31,32,36,37,38,39,40,41,42,43,51,52,53,58,59,60,61,66,75,77,78
0,1,2,3,4,5,6,7,8,9,12,21,30,37,43,49,56,61,63,65,66,75,76,77,79,80
0,1,2,3,4,5,6,7,8,9,11,12,16,21,34,52,53,54,58,65,76,79,80
13,26,27,28,29,37,38,39,41,42,44,45,47,48,51,55,66,69,74,75,77
0,2,3,4,5,6,7,8,9,10,11,12,14,18,32,40,43,44,46,49,52,53,54,55,56,57,59,60,61,63,65,66,67,72,74,75,76,77,78,79,80
10,14,18,34,39,43,50,52,53,54,55,57,58,62,64,67,68,69,70,71,72,73,75,76,78
0,2,3,5,6,8,9,12,13,18,21,28,30,31,32,36,37,38,39,40,41,42,43,51,52,54,58,59,61,65,75,76,77,78,79,80
10,16,18,27,31,32,40,44,46,47,48,49,50,51,52,53,54,55,56,57,60,61,74,76
0,1,2,3,4,5,6,7,8,9,11,12,13,15,17,20,21,22,23,24,25,26,32,33,37,43,52,55,56,57,58,65,76,79,80
2,3,5,6,8,9,12,13,16,17,18,19,21,22,23,24,25,26,31,32,37,38,44,45,46,48,49,54,56,58,59,60,65,79
0,5,6,16,17,18,19,20,22,23,24,25,26,27,28,29,32,34,44,45,46,47,48,49,52,54,61
0,1,2,3,4,5,6,7,8,9,11,12,21,24,37,52,54,56,58,65,76,79,80
2,3,5,6,8,9,12,13,21,27,28,30,31,32,36,37,38,39,51,52,53,55,58,59,61,67,68,72,78
2,3,5,6,8,9,12,13,15,21,31,32,37,45,57,58,59,61,62,64,67,68,72,78
0,1,2,3,5,6,8,9,12,14,21,31,32,33,38,39,40,41,42,43,54,56,57,58,61,65,67,72,75,76,78,79,80
0,3,8,10,14,32,40,43,44,49,52,53,54,55,56,57,58,59,60,61,63,66,74,75,76,77
13,15,16,17,18,19,20,22,23,24,25,26,31,32,34,45,46,47,48,49,50,51,56,61,74,76
2,3,5,6,8,9,12,13,18,21,28,31,32,36,37,38,48,54,55,58,59,61,78
11,13,14,15,17,19,20,22,23,24,25,26,32,33,34,43,45,46,47,58,59,76
10,16,18,44,46,48,49,52,53,54,58,60,61,67,68,69,70,71,73,76
0,1,2,3,4,5,6,7,8,9,12,21,24,44,49,54,56,61,63,65,66,75,77,79,80
1,2,3,4,5,6,7,8,9,12,13,15,16,17,18,19,20,21,22,23,24,25,26,31,32,33,34,45,46,48,54,56,58,60,65,79,80
0,1,2,3,4,5,6,7,8,9,11,12,14,15,20,21,22,23,24,25,26,31,32,37,43,45,47,56,61,62,64,65,67,68,72,76,78,79,80
0,8,10,13,14,15,32,34,40,43,44,52,53,55,56,57,58,60,61,74,76,77
0,1,2,3,4,5,6,7,8,9,11,12,16,18,21,43,52,54,58,65,70,71,73,76,79,80
0,1,2,3,4,5,6,7,8,9,11,12,14,15,20,21,25,26,37,43,45,47,56,57,61,62,64,65,67,68,72,76,78,79,80
0,2,3,4,5,6,7,8,9,10,11,12,14,18,32,40,43,44,46,49,52,53,54,55,56,57,60,61,63,65,66,67,70,72,74,75,76,77,78,79,80
0,1,2,3,5,6,8,9,11,12,14,21,43,45,50,56,59,61,62,64,65,67,68,72,76,78,79,80
2,3,5,6,8,9,12,13,15,17,18,21,22,23,25,26,31,32,37,45,48,54,58,59,61,65,78,79
24,26,38,39,41,42,43,44,45,47,48,51,55,57,61,63,66,69,71,75,77
0,3,8,10,14,15,32,40,43,44,52,53,55,56,57,58,59,61,74,76,77
10,16,18,19,24,25,32,44,45,46,48,49,52,53,54,57,58,61,69,70,71,73,75,76
13,27,28,31,36,37,38,39,40,41,42,45,48,51,53,55,62,64,68,69,70,73,74,75
5,10,16,18,34,44,46,48,49,52,53,54,58,60,61,67,68,69,70,71,73,76
0,1,2,3,4,5,6,7,8,9,11,12,16,17,18,19,20,21,22,23,24,25,26,30,32,33,34,36,37,43,45,46,49,52,54,56,58,65,76,79,80
0,2,3,4,5,6,7,8,9,10,11,12,14,40,43,44,46,49,53,54,55,56,57,60,61,63,64,65,66,67,68,70,71,72,73,74,75,76,77,78,79,80
10,14,18,27,32,40,44,46,49,51,52,53,54,55,56,57,60,61,66,74,76
0,1,2,3,4,5,6,7,8,9,12,21,34,52,53,54,58,61,65,79,80
11,15,16,19,22,26,36,37,45,47,48,49,51,56,61,62,64,67,68,69,70,71,72,73,78
0,1,2,3,4,5,6,7,8,11,12,16,18,21,34,52,53,54,58,65,76,79,80
0,1,2,3,4,5,6,7,8,9,11,12,13,17,18,19,20,21,22,23,24,25,26,30,32,33,34,37,43,45,46,47,48,52,56,58,65,76,79,80
11,13,14,15,17,19,20,22,23,24,25,26,27,28,32,33,34,43,45,46,47,58,76
1,11,21,28,32,38,39,40,41,42,48,51,53,55,56,57,60,61,67,68,69,78
0,1,2,3,4,5,6,7,8,9,11,12,16,18,19,21,30,34,37,43,45,46,49,52,54,56,58,65,76,79,80
0,1,2,3,4,5,6,7,8,9,10,11,12,16,17,18,19,21,22,24,25,32,34,52,53,54,58,59,60,61,65,69,70,71,73,76,78,79,80
2,3,5,6,8,9,12,13,16,17,18,19,21,22,23,24,25,26,31,32,37,45,46,48,54,58,59,60,65,78,79
2,4,5,6,10,16,18,21,32,34,52,53,54,58,60,61,69,70,71,73,76,78
0,1,2,3,4,5,6,7,8,9,10,11,12,16,17,19,20,21,22,23,24,25,26,27,32,33,34,35,45,46,47,48,49,54,58,61,65,76,79,80
10,11,14,15,16,21,28,32,36,38,39,40,41,42,44,48,49,50,51,54,55,56,57,60,61,67,68,69,70,71,73,78,80
0,1,2,3,4,5,6,7,8,9,12,18,21,30,37,46,49,52,54,56,65,75,79,80
0,2,3,4,5,6,7,8,10,11,12,13,16,17,18,19,20,21,22,23,24,25,26,27,28,29,32,34,44,45,46,47,48,49,52,54,58,61,65,76,79,80
5,16,17,18,19,20,22,23,24,25,26,27,33,34,44,45,46,47,48,49,54,61
0,1,2,3,4,5,6,7,8,9,11,12,15,20,21,25,26,43,45,47,56,57,64,65,67,68,72,76,79,80
5,10,16,18,19,21,24,25,27,32,44,45,46,48,49,52,53,54,58,60,61,69,70,71,73,76
1,2,3,4,5,6,7,8,9,12,17,20,21,22,23,24,25,26,29,34,35,45,46,47,49,59,61,63,65,70,71,73,75,78,79,80
0,2,3,4,5,6,7,8,9,10,11,12,14,30,37,40,43,44,49,52,53,54,55,56,57,58,59,61,63,65,66,72,74,75,76,77,79,80
2,3,5,6,8,9,12,13,18,21,28,31,32,37,45,48,54,55,58,59,61,78
11,13,15,17,20,22,23,24,25,26,27,28,29,32,34,43,45,46,47,52
0,2,3,5,6,8,12,17,19,20,22,23,24,25,26,34,45,46,48,49,54,58,59,61,79
21,28,30,33,38,39,40,41,42,55,56,57,59,60,61,62,63,64,66,67,72,75,77
0,1,2,3,4,5,6,7,8,9,11,12,15,17,20,21,22,23,24,25,26,31,32,33,34,43,45,47,56,64,65,67,68,72,76,78,79,80
0,1,2,3,4,5,6,7,8,9,12,16,17,19,21,22,23,24,25,26,31,33,34,37,43,44,49,54,56,61,63,65,66,75,76,77,79,80
0,1,2,3,4,5,6,7,8,9,10,11,12,16,17,18,19,21,22,23,24,25,26,32,43,52,54,58,59,61,65,76,79,80
11,13,17,19,20,22,23,24,25,26,29,30,31,34,35,43,45,46,47,59,74,76,77,78
10,12,14,39,43,50,51,52,53,54,57,63,66,69,70,71,73,75,76,77
0,1,2,3,4,5,6,7,8,9,10,11,12,14,21,30,36,37,39,40,43,44,45,52,55,56,57,58,59,61,65,74,76,77,79,80
15,16,17,19,22,26,27,28,29,33,34,36,37,45,46,47,49,50,51,56,59,61,62,63,64,67,68,69,70,71,72,73,74,78
13,15,16,17,19,22,26,27,28,29,33,34,36,37,39,45,46,47,48,49,50,51,56,58,60,61,62,63,64,67,68,69,70,71,72,73,78
0,1,2,3,4,5,6,7,8,9,11,12,16,17,18,19,21,22,23,24,25,30,33,34,37,43,52,54,56,58,65,76,79,80
5,10,16,17,18,19,22,23,24,25,26,27,32,44,45,46,48,49,52,53,54,58,61,76
2,3,5,6,8,9,12,13,18,21,28,30,31,32,36,37,38,39,41,42,43,51,52,54,55,58,59,61,65,75,78,79
0,1,2,3,4,5,6,7,8,9,11,12,24,25,26,34,35,46,65,79,80
11,14,16,18,22,24,25,26,39,42,45,46,48,49,50,54,56,61,62,64,67,68,72,74,75,78
10,12,14,18,39,43,44,45,46,47,48,49,50,51,52,53,54,55,57,61,63,66,69,70,71,73,75,76,77
0,1,2,3,4,5,6,7,8,9,12,17,21,22,23,24,25,26,33,44,46,49,54,56,61,65,75,79,80
0,2,3,4,5,6,7,8,9,10,11,12,14,30,37,39,40,43,44,49,52,53,54,55,56,57,58,59,61,63,65,72,74,75,76,77,79,80
0,2,3,4,5,6,7,8,9,10,11,12,13,16,17,18,19,20,21,22,23,24,25,26,32,44,45,46,47,48,49,52,54,58,61,70,71,73,76,79,80
3,6,9,10,14,15,32,38,39,40,41,42,43,44,45,47,48,50,54,55,57,60,61,66,69,74,75,77
10,11,13,14,15,16,17,18,19,20,22,23,24,25,26,27,28,29,31,32,34,43,44,45,46,47,48,49,50,52,53,54,55,58,60,61,74,76
13,15,27,28,30,36,37,38,39,40,41,42,44,48,51,53,55,56,60,62,69,70,73,74,75,77
0,2,3,4,5,6,7,8,10,11,12,13,16,17,18,19,20,21,22,23,24,25,26,27,28,32,44,45,46,47,48,49,52,53,54,58,60,61,65,76,79,80
1,11,14,15,16,21,28,32,36,37,38,39,40,41,42,44,48,49,50,51,53,54,55,56,57,60,61,69,70,71,73,78,80
0,1,2,3,4,5,6,7,8,9,11,12,16,18,19,21,22,24,30,33,34,37,43,45,52,54,56,58,65,76,79,80
0,3,8,10,14,15,18,32,34,40,43,44,49,52,53,54,55,56,57,58,59,60,61,63,74,76,77,78
1,2,3,4,5,6,7,8,9,11,12,20,21,26,43,45,47,56,57,65,79,80
0,2,3,5,6,8,9,11,12,14,43,44,50,56,61,62,64,65,67,68,69,72,74,76,78,79,80
2,3,4,5,6,7,8,10,16,17,18,19,21,22,23,24,25,26,32,33,52,53,54,58,59,60,61,65,69,70,71,73,76,78,79,80
2,4,5,6,10,16,18,21,34,52,53,54,58,60,61,69,70,71,73,76
10,14,39,44,48,49,50,52,53,54,55,57,60,67,68,69,70,71,72,73,75,76
10,16,18,34,44,46,48,49,52,53,54,58,60,61,62,67,68,69,70,71,73,76
2,3,5,6,8,17,21,22,23,24,25,26,29,34,45,46,47,49,59,63,70,71,73,75,78,79
0,1,2,3,4,5,6,7,8,9,12,18,21,24,26,30,44,46,49,52,54,56,61,65,79,80
5,6,10,13,16,17,18,19,22,23,24,25,26,27,32,44,46,48,49,52,54,58,61
0,2,3,4,5,6,7,8,9,10,11,12,16,18,21,43,52,54,56,57,58,69,70,71,73,75,76,78,79,80
8,9,11,13,15,17,19,20,22,23,24,25,26,27,32,43,52,53,58,76,80
10,14,30,39,43,50,52,53,54,56,57,62,63,64,66,67,68,69,70,71,72,73,75,76,78
0,2,3,5,6,8,9,10,11,12,14,30,40,43,44,50,56,57,61,62,63,64,65,66,67,68,72,74,75,76,77,78,79,80
0,3,5,6,8,10,11,12,14,18,32,40,44,46,49,51,52,53,54,55,56,57,60,61,63,66,72,74,75,76,78
0,1,2,3,4,5,6,7,8,9,11,12,18,21,30,37,43,49,52,54,56,58,65,75,76,79,80
1,2,3,4,5,6,7,8,9,11,12,13,14,15,16,17,19,20,22,23,24,25,26,27,28,29,32,33,34,43,45,46,47,48,49,58,61,76,80
0,1,2,3,4,5,6,7,8,9,11,12,16,17,18,19,20,21,22,23,24,25,26,30,33,34,37,43,44,45,46,49,52,54,56,58,61,65,76,79,80
0,2,3,4,5,6,10,11,13,16,17,18,19,20,21,22,23,24,25,26,27,32,44,45,46,47,48,49,52,53,54,58,60,61,70,71,76,80
0,2,3,5,6,8,9,10,11,12,14,40,43,44,49,50,53,56,57,61,62,63,64,65,66,67,68,70,71,72,73,74,75,76,77,78,79,80
0,1,2,3,4,5,6,7,8,9,10,11,12,16,18,19,21,24,25,32,34,43,44,46,48,49,52,53,54,57,58,61,65,69,70,71,73,75,76,79,80
10,11,13,14,15,16,17,18,19,20,22,23,24,25,26,27,28,29,31,32,33,43,44,45,46,47,48,49,50,52,53,54,55,56,57,58,60,61,74,76
0,1,2,3,4,5,6,7,8,9,11,12,16,17,18,19,20,21,22,23,24,25,26,27,28,29,32,34,44,45,46,47,48,49,52,54,61,65,79,80
10,11,13,14,15,16,17,18,19,20,26,27,28,32,36,37,38,39,40,42,44,45,46,47,48,49,50,51,53,54,55,56,58,60,63,67,68,69,70,71,73,78
0,3,5,7,8,9,10,11,13,14,15,16,18,19,20,24,25,26,27,32,43,44,45,46,47,48,49,52,53,55,58,60,61,74,76,80
1,2,3,4,5,6,7,8,10,12,16,18,21,32,34,52,53,54,58,60,61,65,69,70,71,73,76,79,80
0,2,3,5,6,7,8,9,10,11,12,16,18,19,22,23,24,25,26,32,43,44,45,46,47,48,49,52,54,58,61,70,71,73,75,76,79,80
2,4,5,6,10,11,14,16,18,19,24,32,38,39,41,42,43,44,48,50,52,53,54,55,57,58,62,64,67,68,69,70,71,72,73,75,76,78,80
0,2,3,4,5,6,7,8,9,10,11,12,14,30,37,38,39,40,41,42,43,50,53,56,57,62,63,64,66,67,69,70,71,72,73,74,75,76,77,79,80
0,1,2,3,4,5,6,7,8,9,11,12,21,30,37,43,44,49,52,54,56,61,63,65,66,75,76,79,80
0,1,2,3,4,5,6,7,8,9,11,12,16,18,19,21,30,34,37,43,45,52,54,56,58,65,76,79,80
0,2,3,5,6,8,9,10,11,12,14,30,40,43,44,50,53,56,57,61,62,63,64,65,66,67,68,72,74,75,76,77,78,79,80
2,3,4,5,6,7,8,16,17,18,19,20,21,22,23,24,25,26,32,33,52,53,54,58,59,61,65,78,79
10,12,14,18,30,38,39,41,42,43,50,52,53,54,55,56,57,58,59,62,63,64,66,67,68,69,70,71,72,73,75,76,78,80
0,2,3,4,5,6,7,8,9,10,11,12,14,30,37,40,43,44,52,53,55,56,57,59,61,63,65,72,74,75,76,77,79,80
5,6,10,16,17,18,19,21,22,23,24,25,26,27,32,44,45,46,48,49,52,53,54,58,60,61,70,71,76
0,2,3,4,5,6,7,8,9,10,11,12,16,18,21,43,52,54,58,69,70,71,73,76,78,79,80
10,16,18,19,22,24,25,27,32,44,45,46,48,49,52,53,54,58,60,61,70,71,76
0,2,3,4,5,6,7,8,9,10,11,12,13,14,15,16,17,18,19,20,22,23,24,25,26,32,43,45,46,47,48,49,52,54,58,61,65,74,76,80
1,2,3,4,5,6,7,8,9,11,12,13,14,15,16,17,19,20,22,23,24,25,26,27,28,29,32,33,34,43,45,46,47,48,49,58,59,61,76,80
0,1,2,3,4,5,6,7,8,9,10,11,12,16,17,18,19,21,22,24,25,26,32,33,43,52,53,54,58,65,69,70,71,73,76,78,79,80
5,16,17,18,19,20,22,23,24,25,26,27,28,29,34,44,45,46,47,48,49,52,54,61,70,71,73
0,1,2,3,4,5,6,7,8,9,11,12,15,17,20,21,22,23,24,25,26,31,32,33,34,43,45,47,56,64,65,72,76,79,80
0,2,3,4,5,6,7,8,9,10,11,12,16,17,18,19,21,22,24,32,33,43,52,53,54,57,58,69,70,71,73,76,78,79,80
5,10,13,16,17,18,19,20,22,23,24,25,26,27,28,29,32,44,45,46,47,48,49,52,53,54,58,60,61,70,71,73,76
0,1,2,3,4,5,6,7,8,9,11,12,18,21,24,30,37,43,44,45,46,49,52,54,56,58,61,65,75,76,79,80
0,1,2,3,4,5,6,7,8,9,11,12,16,18,21,24,30,33,34,37,43,45,46,49,52,54,56,58,65,76,79,80
5,10,16,18,32,44,46,48,49,52,53,54,58,61,69,70,71,73,75,76
0,2,3,5,6,8,9,10,11,12,14,40,43,44,49,52,53,54,56,57,61,64,65,67,68,72,74,75,76,78,79,80
1,11,21,27,28,30,38,39,40,41,42,51,52,53,55,57,60,61,67,72
0,1,2,3,4,5,6,7,8,9,10,11,12,14,30,36,37,38,39,40,41,42,43,50,53,56,57,63,64,65,66,69,70,71,72,73,74,75,76,77,79,80
0,1,2,3,4,5,6,7,8,9,11,12,18,21,30,37,43,44,46,49,52,54,56,61,63,65,66,75,76,79,80
0,1,2,3,4,5,6,7,8,9,11,12,18,21,24,26,30,37,43,44,46,49,52,54,56,61,65,75,76,79,80
5,10,18,32,43,44,46,48,49,52,53,54,57,58,61,69,70,71,73,75,76
0,2,3,4,5,6,7,8,9,10,11,12,16,18,19,21,24,32,43,52,54,58,65,69,70,71,73,76,78,79,80
0,1,2,3,4,5,6,7,8,9,12,17,21,22,23,24,25,26,31,37,43,44,49,54,56,63,65,66,75,76,77,79,80
10,11,13,14,15,16,18,19,20,24,25,26,27,32,33,43,44,45,46,47,48,49,52,53,55,58,60,61,74,76
0,1,2,3,4,5,6,7,8,9,11,12,16,17,18,19,20,21,22,23,24,25,26,27,28,32,33,34,44,45,46,47,48,49,54,58,61,65,76,79,80
0,5,6,10,13,16,17,18,19,20,22,23,24,25,26,27,28,29,32,44,45,46,47,48,49,52,54,58,61,76
10,12,14,30,37,38,39,41,42,43,50,52,53,54,56,57,58,62,63,64,66,67,68,69,70,71,72,73,75,76,78,80
0,1,2,3,4,5,6,7,8,9,12,16,17,19,21,22,23,24,25,26,31,33,34,44,49,54,56,61,65,75,77,79,80
10,12,14,30,37,39,43,50,53,56,57,62,63,64,66,67,68,69,70,71,72,73,75,76,77
2,3,4,5,6,7,8,9,11,12,13,14,15,17,19,20,22,23,24,25,26,29,30,31,32,34,35,43,45,46,47,49,59,61,74,76,77,78,80
0,2,3,5,6,8,9,12,13,18,21,28,30,31,32,36,37,38,39,41,42,43,51,54,58,59,61,65,75,76,77,78,79,80
0,3,4,5,6,7,8,9,10,11,13,14,15,18,20,32,34,40,43,44,48,49,52,53,54,55,56,57,58,60,61,65,74,76,77,78,80
2,3,5,6,16,17,19,20,21,22,23,24,25,26,27,33,34,44,45,46,48,49,54,61,79
2,4,5,6,10,16,18,19,21,24,32,33,34,52,53,54,58,60,61,64,69,70,71,73,76,78
10,13,14,15,16,18,19,20,23,24,25,26,27,31,32,34,43,45,46,47,48,49,50,51,52,53,54,55,56,60,61,74,76
2,3,5,6,8,9,12,13,16,17,18,21,22,23,25,26,31,32,37,45,46,48,54,58,59,78
11,14,15,16,26,28,32,36,37,38,39,40,42,44,49,50,51,54,55,56,60,61,67,68,69,70,71,73,78
1,2,3,4,5,6,7,8,9,10,12,16,17,18,19,21,22,24,25,32,34,52,53,54,58,59,60,61,65,69,70,71,73,76,78,79,80
0,1,2,3,4,5,6,7,8,9,11,12,18,21,24,25,26,30,37,43,44,46,49,52,54,56,61,63,65,66,75,76,79,80
0,1,2,3,4,5,6,7,8,9,10,11,12,13,14,15,17,19,20,21,22,23,24,25,26,32,33,34,35,43,52,53,58,59,60,65,76,79,80
10,14,15,18,32,34,40,43,44,46,48,49,52,53,54,55,56,57,58,60,61,74,76,77
0,2,3,5,6,8,9,10,11,12,14,18,32,40,43,44,46,49,51,53,54,55,56,57,60,61,64,65,66,67,70,72,74,75,76,78,79,80
2,4,5,6,10,16,17,18,19,21,22,24,25,32,33,43,52,53,54,57,58,62,64,67,68,69,70,71,73,76,78,80
0,1,2,3,4,5,6,7,8,9,12,16,17,19,22,23,24,25,26,27,28,32,34,46,48,49,52,54,61,65,79,80
4,5,6,10,16,18,32,34,44,46,48,49,52,53,54,57,58,60,61,62,64,67,68,69,70,71,73,76,78
2,4,5,6,10,16,18,19,21,32,34,44,46,48,49,52,53,54,55,57,58,60,61,62,64,67,68,69,70,71,73,76,78,80
2,3,5,6,7,8,9,12,16,17,19,21,22,23,24,25,26,33,34,44,49,54,56,65,75,77,79
8,9,10,11,13,14,15,16,18,20,27,32,33,43,44,45,46,47,48,49,52,53,55,57,58,60,61,74,76
10,16,17,18,19,22,23,24,25,26,27,28,29,32,34,44,45,46,47,48,49,52,53,54,58,60,61,70,71,73,76
13,15,16,18,19,23,26,27,28,31,33,34,35,36,37,38,39,41,42,44,45,46,47,48,49,50,51,53,55,57,59,62,64,68,69,70,74,75
10,13,15,16,18,19,20,23,24,25,26,27,31,32,34,45,46,47,48,49,50,51,52,53,54,55,56,60,61,74,76
1,2,3,4,5,6,7,8,9,11,12,13,15,17,19,20,22,23,24,25,26,32,33,34,43,45,46,47,58,76,80
2,3,5,6,7,8,9,12,16,17,18,19,21,22,23,24,25,26,31,32,33,34,44,46,49,54,56,60,65,77,79
4,5,6,10,14,16,18,19,24,32,34,38,39,41,42,43,44,48,49,50,52,53,54,55,57,58,60,61,62,64,67,68,69,70,71,72,73,75,76,78,80
10,14,18,39,43,50,52,53,54,57,58,62,64,67,68,69,70,71,72,73,75,76,78
0,1,2,3,4,5,6,7,8,9,10,11,12,14,21,30,37,40,43,44,45,47,50,56,57,61,64,65,67,68,72,74,76,77,79,80
3,4,5,6,9,11,12,13,14,15,16,17,18,19,20,22,23,24,25,26,29,31,32,34,35,43,45,46,47,48,49,50,59,60,61,74,76,77,78,80
0,1,2,3,4,5,6,7,8,9,10,12,17,18,19,21,22,23,24,25,26,32,34,52,53,54,58,59,60,61,65,76,78,79,80
10,18,32,34,44,52,53,54,58,60,61,62,64,67,68,69,70,71,73,76,78
27,28,29,38,39,41,42,43,44,45,47,48,51,53,55,57,61,63,66,69,71,75,77
0,3,4,5,6,7,8,9,10,11,13,14,15,18,20,32,34,40,43,44,52,53,54,55,56,57,58,60,61,65,74,76,77,78,79,80
4,5,6,10,16,17,18,19,22,24,25,32,33,52,53,54,58,69,70,71,73,76,78
0,1,2,3,4,5,6,7,8,9,11,12,16,17,18,19,20,21,22,23,24,25,26,31,33,34,37,43,44,45,46,48,49,54,56,61,65,75,76,79,80
10,16,18,19,22,23,24,25,27,32,44,45,46,48,49,52,53,54,58,60,61,70,71,76
5,6,10,16,18,21,34,44,46,48,49,52,53,54,58,60,61,67,68,69,70,71,73,76
4,5,6,10,16,18,19,24,32,52,53,54,58,60,61,64,67,68,69,70,71,73,76,78
10,12,14,30,37,39,43,50,53,56,57,62,63,64,66,67,68,69,70,71,72,73,75,76
0,1,2,3,4,5,6,7,8,9,11,12,17,18,19,20,21,22,23,24,25,26,30,33,34,37,43,44,45,46,48,49,52,54,56,58,61,65,76,79,80
0,1,2,3,4,5,6,7,8,9,12,21,30,44,49,54,56,61,63,65,66,75,79,80
0,1,2,3,4,5,6,7,8,9,10,11,12,13,14,15,18,19,20,21,32,34,40,43,44,52,53,54,55,56,57,58,61,65,74,76,77,78,79,80
13,14,15,16,17,18,19,22,23,26,27,28,33,34,36,37,38,39,41,42,44,45,46,47,48,49,50,51,53,55,57,59,61,62,64,68,70,74,75,77
2,3,4,5,6,7,8,9,11,12,13,17,19,20,22,23,24,25,26,29,30,31,34,35,43,45,46,47,58,59,74,76,77,78,80
0,1,2,3,4,5,6,7,8,9,11,12,14,20,21,25,26,30,37,43,45,47,56,57,64,65,72,76,79,80
4,5,6,10,14,16,18,39,43,50,52,53,54,55,56,57,58,62,64,67,68,69,70,71,72,73,75,76,78,80
0,2,3,5,6,7,8,12,16,17,18,19,20,21,22,23,24,25,26,27,28,29,32,33,34,44,45,46,47,48,49,54,61,79,80
0,2,3,4,5,6,7,8,12,16,17,18,19,22,23,24,25,26,27,28,32,44,46,48,49,52,54,61,65,79
0,1,2,3,4,5,6,7,8,9,10,11,12,13,16,17,18,19,20,22,23,24,25,26,27,28,32,35,46,48,49,52,54,65,79,80
2,3,5,6,8,9,12,13,16,17,18,21,22,23,25,26,31,32,37,45,46,48,54,58,59,61,65,78,79
0,2,3,4,5,6,7,8,9,10,11,12,14,30,37,38,39,40,41,42,43,50,53,56,57,62,63,64,66,67,68,69,70,71,72,73,75,76,77,79,80
2,3,4,5,6,8,16,18,21,34,52,53,54,58,60,61,65,70,76,79,80
0,2,3,5,6,7,8,12,13,16,17,18,19,20,21,22,23,24,25,26,32,34,36,44,45,46,47,48,49,54,58,59,61,76,79,80
0,1,2,3,4,5,6,7,8,10,11,12,16,17,18,19,21,22,23,24,25,26,27,32,44,45,46,48,49,52,53,54,58,60,61,65,70,71,76,79,80
2,3,5,6,8,9,12,13,21,27,28,30,31,32,36,37,38,39,51,52,53,55,57,58,59,61,64,67,68,72,78
0,1,2,3,4,5,6,7,8,9,10,11,12,14,21,30,36,37,39,40,43,44,45,49,50,53,55,56,57,61,63,64,65,67,68,72,74,75,76,77,79,80
0,2,3,5,6,8,9,12,13,18,21,22,23,28,31,32,36,37,38,41,42,43,48,51,54,56,58,59,61,65,75,76,77,78,79,80
0,2,3,5,6,16,17,18,19,20,22,23,24,25,26,27,28,29,32,33,34,44,45,46,47,48,49,52,54,61,79
13,14,15,20,23,24,25,26,32,43,45,46,47,48,49,52,58,61,74,76
2,3,4,5,6,10,11,16,18,19,21,24,25,27,32,44,45,46,48,49,52,53,54,58,60,61,69,70,71,73,76,80
9,11,13,15,17,19,20,22,23,24,25,26,33,34,43,45,47,58,59,76
2,4,5,6,10,16,18,19,21,32,34,44,46,48,49,52,53,54,57,58,60,61,62,64,67,68,69,70,71,73,76,78
0,1,2,3,4,5,6,7,8,9,11,12,13,14,15,17,19,20,22,23,24,25,26,29,31,32,34,35,43,45,46,47,49,58,59,61,65,74,76,77,78,80
0,2,3,5,6,8,12,13,16,17,18,19,20,22,23,24,25,26,27,29,31,32,33,34,36,44,45,46,47,48,49,54,58,59,61,70,71,73,75,76,79,80
0,1,2,3,4,5,6,7,8,9,10,11,12,13,15,16,17,18,19,20,22,23,24,25,26,27,28,29,32,43,45,46,47,48,49,52,53,58,65,76,79,80
0,3,4,5,7,8,9,10,11,13,14,15,16,17,18,19,20,22,23,24,25,26,27,28,32,43,44,45,46,47,48,49,52,53,54,55,58,60,61,74,76,80
0,1,2,3,4,5,6,7,8,9,10,11,12,16,18,19,21,22,23,24,25,26,32,43,44,45,46,48,49,52,53,54,58,61,65,70,71,73,76,79,80
11,13,14,15,17,19,20,22,23,24,25,26,32,43,45,46,47,48,49,52,58,61,74,76
0,1,3,4,5,6,7,8,9,10,11,12,13,14,15,32,43,52,53,58,60,65,76,80
4,5,6,10,16,18,19,24,32,44,52,53,54,57,58,62,64,67,68,69,70,71,73,76,78
10,14,18,39,43,50,52,53,54,56,57,58,62,64,67,68,69,70,71,72,73,75,76,78
11,12,17,19,20,22,23,24,25,26,29,30,31,34,35,43,45,46,47,59,69,70,74,77,78
10,14,39,44,48,49,50,52,53,54,55,57,60,62,64,67,68,69,70,71,72,73,75,76
0,1,3,4,5,6,7,8,9,10,11,13,14,15,20,32,34,43,52,53,55,57,58,60,65,76,80
2,3,5,6,8,12,17,19,20,21,22,23,24,25,26,33,34,37,45,46,48,49,54,58,59,61,79
2,4,5,6,10,11,16,18,19,21,24,25,27,32,34,44,45,46,48,49,52,53,54,58,60,61,67,68,69,70,71,73,76,80
13,14,15,17,19,20,22,23,24,25,26,27,32,33,34,43,45,46,47,58,59,76
0,3,4,5,6,7,8,9,10,11,13,14,15,16,18,27,32,33,40,43,44,46,47,48,49,52,53,54,55,56,57,58,60,61,65,74,76,78,80
10,14,18,32,40,44,46,49,52,53,54,55,56,57,58,60,61,63,66,74,76,77
0,1,2,3,4,5,6,7,8,9,12,16,17,18,19,21,22,23,24,25,26,31,32,33,34,44,46,49,54,56,65,75,77,79,80
11,12,17,19,20,22,23,24,25,26,29,30,31,34,35,45,46,47,59,63,67,69,70,74,77,78
4,5,9,11,13,14,17,20,22,23,24,25,26,29,34,35,43,45,47,59,76,80
0,3,8,10,14,15,16,18,27,31,32,34,40,43,44,46,47,48,49,50,51,52,53,54,55,56,57,58,59,60,61,63,66,74,76,77,78
2,3,5,6,8,9,12,13,15,21,22,26,31,32,37,45,48,57,58,59,61,67,68,72,78
2,3,5,6,8,9,12,13,17,18,21,22,23,26,31,32,37,45,48,54,55,58,59,61,78
0,2,3,4,5,6,7,8,9,10,11,12,16,17,18,19,21,22,23,24,25,26,32,44,45,46,48,49,52,54,58,61,70,71,73,76,79,80
8,10,11,13,14,15,16,18,27,32,33,40,43,44,45,46,47,48,49,50,52,53,54,55,56,57,58,60,61,74,76
0,1,2,3,4,5,6,7,8,9,10,11,12,13,14,15,16,18,19,20,21,23,24,25,26,27,32,43,45,46,47,48,49,52,53,58,60,65,76,80
11,13,14,15,17,19,20,22,23,24,25,26,27,32,43,45,46,48,52,53,58,76
0,1,2,3,5,6,8,9,12,13,15,17,18,21,22,23,25,26,31,32,36,37,38,41,42,43,45,48,54,55,57,58,59,61,65,67,68,72,76,78,79,80
9,11,12,17,20,22,23,24,25,26,29,30,31,34,35,43,45,46,47,58,59,69,74,76,77,78
0,2,3,4,5,6,7,8,9,12,17,18,21,22,23,24,25,26,31,32,37,38,41,42,43,44,46,49,51,54,56,59,60,65,66,75,76,77,79,80
8,10,11,13,14,15,27,32,43,44,46,47,48,49,52,53,55,57,58,60,61,74,76
5,10,16,18,19,24,25,32,44,45,46,48,49,52,54,58,61,70,71,73,76
2,3,5,6,8,9,12,18,21,31,32,37,38,44,48,51,54,56,58,59,60,75,77
0,1,2,3,4,5,6,7,8,9,12,21,24,30,43,54,56,61,65,75,76,79,80
9,11,12,17,20,22,23,24,25,26,29,34,35,43,45,47,58,59,69,76,78
0,2,3,4,5,6,7,8,9,10,11,12,14,18,32,40,43,44,46,49,51,52,53,54,55,56,57,60,61,63,65,66,67,70,72,74,75,76,78,79,80
0,1,2,3,4,5,6,7,8,9,10,11,12,13,16,17,18,19,21,22,23,24,25,26,32,43,52,53,54,58,59,65,70,71,73,76,79,80
0,3,4,5,7,8,9,10,11,13,14,15,20,32,43,52,53,55,57,58,65,76,80
0,3,5,8,10,11,13,14,15,16,18,27,32,34,40,43,44,46,47,48,49,52,53,54,55,56,57,58,60,61,74,76,78
0,2,3,5,6,8,9,12,13,17,18,21,22,23,28,31,32,36,37,38,41,42,43,48,51,54,58,59,61,65,75,76,77,78,79,80
0,2,3,4,5,6,7,8,9,10,11,12,14,16,18,19,21,24,32,43,44,48,49,50,52,53,54,57,58,69,70,71,73,75,76,79,80
1,4,7,11,14,21,28,30,32,36,37,38,39,40,41,42,44,48,50,51,52,53,54,55,56,57,60,61,67,69,70,71,73,78,80
2,3,5,6,8,9,12,16,17,18,21,22,23,24,25,26,31,32,37,38,44,45,46,49,51,54,56,58,59,60,65,75,77,79
2,3,5,6,8,9,12,13,16,17,18,19,21,22,23,24,25,26,31,32,33,34,44,45,46,49,54,56,58,59,60,65,77,79
10,12,14,18,38,39,41,42,43,44,48,49,50,52,53,54,55,57,60,62,63,64,66,67,68,69,70,71,72,73,75,76,77
0,2,3,4,5,6,7,8,9,10,11,12,14,30,37,40,43,44,53,55,56,57,61,63,64,65,72,74,75,76,77,79,80
0,1,2,3,4,5,6,7,8,9,10,11,12,16,18,19,21,22,24,25,32,34,43,52,53,54,58,65,69,70,71,73,76,79,80
0,2,3,5,6,7,8,12,13,16,17,18,19,20,21,22,23,24,25,26,33,34,36,44,45,46,47,48,49,54,58,59,61,76,79,80
3,5,6,8,10,11,12,16,18,24,25,26,31,32,40,44,46,48,49,50,51,52,53,54,55,56,60,61,64,67,72,74,76,78
1,11,21,28,30,32,36,37,38,39,40,41,42,48,51,52,53,55,56,57,60,61,69,70,71,73
3,5,6,8,10,11,12,16,18,19,20,23,24,25,26,27,31,32,34,40,44,45,46,47,48,49,50,51,52,53,54,55,56,60,61,64,67,72,74,76,78
0,2,3,5,6,8,9,10,11,12,16,18,19,24,25,26,31,32,34,40,43,44,46,47,48,49,50,51,52,53,54,55,56,57,60,61,72,74,76,78,80
13,15,16,18,19,23,26,27,28,31,33,34,36,37,38,39,41,42,44,45,46,47,48,49,50,51,53,55,57,62,64,68,70,74,75,77
0,2,3,4,5,6,7,8,9,10,12,24,25,26,32,43,45,46,49,54,58,70,71,73,75,76,77,79,80
2,3,5,6,8,9,12,13,15,17,21,22,23,25,26,31,32,37,45,48,54,57,58,59,61,65,67,68,72,78,79
0,1,2,3,4,5,6,7,8,10,12,13,16,17,18,19,20,21,22,23,24,25,26,27,28,29,32,44,45,46,47,48,49,52,54,58,61,65,76,79,80
0,3,5,6,8,10,11,12,14,40,44,46,49,53,54,55,56,57,60,61,64,66,70,72,74,75,76,78
0,2,3,5,6,7,8,9,12,21,31,32,37,38,40,41,42,43,44,49,50,51,54,56,65,66,75,76,77,79,80
0,1,2,3,4,5,6,7,8,9,10,11,12,16,18,19,21,22,24,25,26,32,43,44,45,46,48,49,52,53,54,58,61,65,69,70,71,73,75,76,79,80
10,14,18,30,43,50,52,53,54,56,57,58,62,64,69,70,71,73,75,76,78
0,2,3,5,6,8,9,12,18,21,28,31,32,36,37,38,41,42,43,51,54,56,58,59,61,65,75,76,77,79,80
10,12,14,30,37,43,50,52,53,54,56,57,58,63,66,69,70,71,73,75,76,80
2,3,5,6,8,9,10,11,12,18,24,25,26,32,46,49,50,51,53,54,56,61,64,67,68,72,74,76,78
0,1,2,3,4,5,6,7,8,9,10,11,12,13,14,15,17,18,19,20,21,22,23,24,25,26,32,33,43,52,53,55,56,57,58,60,65,76,78,79,80
0,1,2,3,4,5,6,7,8,9,10,11,12,13,14,15,19,20,21,23,24,25,26,32,33,34,43,52,53,55,57,58,60,65,76,78,79,80
2,3,5,6,7,8,9,12,17,18,21,22,23,24,25,26,31,44,49,54,56,60,65,75,77,79
0,2,3,4,5,6,7,8,9,10,11,12,16,18,19,21,22,23,24,25,26,32,43,44,45,46,48,49,52,53,54,58,61,69,70,71,73,75,76,79,80
0,3,5,6,7,8,9,10,11,12,13,14,15,16,18,20,27,32,33,43,44,45,46,47,48,49,52,53,55,57,58,60,61,65,74,76,80
0,2,3,4,5,6,7,8,9,10,11,12,16,18,19,21,24,25,32,34,43,44,46,48,49,52,53,54,57,58,61,69,70,71,73,75,76,79,80
0,1,2,3,4,5,6,7,8,9,10,11,12,14,15,21,30,32,37,39,40,43,44,52,53,55,56,57,58,59,61,65,74,76,77,79,80
3,5,6,8,10,11,12,16,18,24,25,26,31,32,40,44,46,48,49,50,51,52,53,54,55,56,57,60,61,64,72,74,76,78
0,2,3,4,5,6,7,8,9,10,11,12,14,16,18,19,21,24,32,39,43,50,52,53,54,55,56,57,58,62,67,68,69,70,71,73,75,76,78,79,80
0,2,3,4,5,6,7,8,9,10,11,12,13,14,15,16,18,19,24,25,32,40,43,44,46,47,48,49,52,53,54,55,56,57,58,61,65,74,76,80
0,2,3,5,6,7,8,9,12,13,17,18,21,22,23,28,31,32,36,37,38,41,42,43,44,48,51,54,56,58,59,60,61,65,75,76,77,79,80
2,3,5,6,7,8,9,12,16,17,18,19,21,22,23,24,25,26,31,32,33,34,44,45,46,49,54,56,59,60,65,75,77,79
2,3,5,6,7,8,17,21,22,23,24,25,26,29,34,45,46,47,59,65,69,70,71,73,78,79
0,2,3,4,5,6,7,8,9,12,21,22,23,24,25,26,31,32,36,37,38,40,41,42,43,44,49,50,51,54,56,59,63,65,66,75,76,77,79,80
0,2,3,5,6,8,9,10,11,12,14,16,18,27,32,40,44,46,49,51,52,53,54,55,56,57,60,61,66,72,74,76,78
0,2,3,4,5,6,7,8,9,12,18,21,22,23,24,25,26,31,32,36,37,38,40,41,42,43,44,49,50,51,54,56,59,65,66,75,76,77,79,80
3,5,8,10,11,14,15,18,32,43,46,47,48,49,52,53,54,55,56,57,58,61,74,76
0,1,2,3,4,5,6,7,8,9,10,11,12,13,14,15,20,21,27,32,34,43,46,48,52,53,58,60,65,76,80
2,4,5,6,7,8,9,10,11,12,14,16,18,19,21,32,43,44,46,48,49,50,52,53,54,57,58,69,70,71,73,75,76,80
10,14,30,37,43,50,52,53,54,56,57,58,62,64,66,69,70,71,73,75,76,78,80
10,11,13,14,15,16,18,24,25,26,32,43,45,46,47,48,49,50,52,53,54,55,56,58,61,74,76
2,4,5,6,10,11,14,16,18,32,39,43,50,52,53,54,55,57,58,62,64,67,68,69,70,71,72,73,75,76,78,80
10,12,14,18,38,39,41,42,43,44,48,49,50,51,52,53,54,55,57,60,63,66,67,68,69,70,71,72,73,75,76,77
13,14,15,20,23,24,25,26,32,43,45,46,47,48,49,50,52,61,74,76
0,1,2,3,4,5,6,7,8,9,10,11,12,16,18,19,21,24,25,32,43,44,45,46,48,49,52,53,54,57,58,61,69,70,71,73,75,76,79,80
2,3,5,6,8,9,10,11,12,18,24,25,26,32,43,46,49,50,52,53,54,56,61,72,74,76,80
2,3,5,6,7,8,9,12,21,22,23,24,25,26,44,49,54,56,60,65,66,75,77,79
2,3,5,6,8,12,17,19,20,22,23,24,25,26,34,45,46,47,49,54,59,61,70,75,79
2,3,5,6,8,9,12,18,21,31,44,46,49,51,54,56,59,60,75,77
0,2,3,4,5,6,7,8,9,10,11,12,13,14,15,16,18,19,20,23,24,25,26,32,43,45,46,47,48,49,52,53,54,58,61,65,74,76,80
0,2,3,4,5,6,7,8,9,11,12,13,14,15,16,17,18,19,20,22,23,24,25,26,27,32,43,45,46,47,48,49,50,52,54,58,61,65,74,76,79,80
2,3,5,6,8,9,12,13,18,21,22,23,31,32,37,38,45,48,51,54,56,58,59
2,3,5,6,8,9,12,13,18,21,22,31,32,37,38,44,48,51,54,56,58,59,60,75
0,1,2,3,4,5,6,7,8,9,10,11,12,16,18,19,21,24,25,32,43,52,53,54,58,65,69,70,71,73,75,76,79,80
13,14,15,17,19,20,22,23,24,25,26,32,43,45,46,47,48,49,50,52,58,61,74,76
0,2,3,5,6,7,8,9,12,18,21,22,23,31,32,36,37,38,40,41,42,43,44,49,50,51,54,56,58,59,65,66,75,76,77,79,80
10,12,14,30,37,39,43,50,52,53,56,57,58,62,63,64,66,67,68,69,70,71,72,73,75,76,80
10,12,14,38,39,41,42,43,50,51,53,54,55,57,60,63,66,67,68,69,70,71,72,73,74,75,76,77
2,4,5,6,7,8,10,11,14,16,18,19,21,22,24,32,39,43,50,52,53,54,55,57,58,62,64,67,68,69,70,71,72,73,75,76,78,80
0,3,5,7,8,9,10,11,13,14,15,32,43,52,53,55,57,58,60,74,76
0,2,3,5,6,8,12,13,16,17,18,19,20,22,23,24,25,26,32,34,35,44,45,46,47,48,49,54,59,61,70,71,73,75,79,80
2,3,6,9,21,27,28,29,31,32,36,37,38,39,40,41,42,43,51,52,59,60,61,66,72,75,77,78
0,2,3,4,5,6,7,8,9,10,11,12,13,14,15,18,20,24,25,26,32,43,45,46,47,48,49,52,53,54,58,61,65,74,76,80
0,2,3,4,5,6,7,8,9,10,11,12,13,14,15,18,32,40,43,44,46,47,48,49,52,53,54,55,56,57,58,61,65,74,76,80
10,14,18,32,43,44,46,48,49,50,52,53,54,57,58,61,69,70,71,73,75,76,77
10,12,14,38,39,41,42,43,50,51,52,53,54,55,57,60,63,66,67,68,69,70,71,72,73,75,76,77
0,1,2,3,4,5,6,7,8,9,10,11,12,16,18,19,21,22,24,25,32,43,52,53,54,58,65,69,70,71,73,75,76,79,80
10,18,27,32,40,44,46,49,51,52,53,54,55,56,57,60,61,66,74,76
10,11,13,14,15,24,25,26,32,43,45,46,47,48,49,52,58,61,74,76
2,3,5,6,8,9,10,11,12,18,24,25,26,32,46,49,50,51,53,54,56,61,64,67,72,74,76,78
2,3,5,6,8,9,10,11,12,15,16,18,19,20,22,23,24,25,26,32,43,45,46,47,48,49,50,54,56,61,74,76,80
0,2,3,4,5,6,7,8,9,12,14,18,21,22,23,31,32,36,37,38,40,41,42,43,44,50,51,54,56,58,59,61,65,66,75,76,77,79,80
3,5,8,9,10,11,13,14,15,18,24,25,32,43,46,47,48,49,52,53,54,55,56,58,61,74,76,80
1,2,4,11,21,28,30,32,33,38,39,40,41,42,43,44,53,55,56,57,59,60,61,62,63,64,66,67,70,72,73,75,77
3,5,6,8,10,11,12,13,14,15,16,18,19,24,25,26,31,32,34,40,43,44,46,47,48,49,50,52,53,54,55,56,57,58,60,61,74,76
0,2,3,4,5,6,7,8,9,10,11,12,16,18,19,21,24,25,26,32,43,44,45,46,48,49,52,54,57,58,70,71,73,75,76,79,80
11,13,14,15,17,19,20,22,23,24,25,26,32,43,45,46,47,48,49,58,61,76
2,4,5,6,7,8,9,10,12,14,18,39,43,50,52,53,54,57,58,63,66,69,70,71,73,75,76,77,80
0,2,3,5,6,8,9,10,11,12,16,18,27,31,32,40,44,46,49,51,52,53,54,55,56,57,60,61,66,72,74,76,78
2,3,5,6,7,8,9,11,12,17,20,22,23,24,25,26,29,34,35,45,46,47,58,59,70,74,78
3,5,6,8,10,11,12,18,24,32,40,44,46,49,51,52,53,54,55,56,57,61,64,72,74,76,78
3,5,6,8,10,11,12,14,16,18,24,25,31,32,40,43,44,46,47,48,49,50,51,52,53,54,55,56,57,60,61,74,76
0,2,3,5,6,8,9,10,11,12,14,16,18,24,25,31,32,40,43,44,46,49,50,51,52,53,54,55,56,57,60,61,65,72,74,76,78,80
0,3,5,6,8,10,11,12,14,40,44,46,49,51,53,54,55,56,57,60,61,64,66,67,70,71,72,73,74,76,78
2,3,5,6,8,9,12,18,21,22,23,26,31,32,37,38,41,43,44,46,49,51,54,56,58,59,60,65,75,77,79
0,2,3,5,6,8,9,12,18,21,22,31,32,36,37,38,41,42,43,44,51,54,56,58,59,65,75,76,77,79,80
0,2,3,4,5,6,7,8,9,12,17,18,21,22,23,24,25,26,31,37,38,41,43,44,49,51,54,56,60,65,66,75,76,77,79,80
3,5,8,9,10,11,13,14,15,19,20,23,24,25,26,32,43,45,46,47,48,49,52,54,58,61,74,76,80
0,2,3,5,6,8,9,12,18,21,22,23,31,32,36,37,38,41,42,43,44,49,51,54,56,58,59,60,65,75,76,77,79,80
0,2,3,4,5,6,7,8,9,10,11,12,14,30,37,38,39,40,41,42,43,50,52,53,54,56,57,58,62,63,64,66,69,70,71,72,73,75,76,77,79,80
0,2,3,4,5,6,7,8,9,12,17,18,21,22,23,24,25,26,31,32,37,38,41,42,43,44,49,50,51,54,56,59,60,65,66,75,76,77,79,80
0,1,2,3,5,6,8,9,12,13,15,17,18,21,22,23,24,25,26,31,32,33,36,37,38,41,42,43,48,54,58,60,61,65,67,72,76,78,79,80
10,15,16,18,19,20,23,24,25,26,31,32,34,40,45,46,47,48,49,50,51,53,54,55,56,60,61,64,72,74,76
2,3,5,6,8,9,12,13,15,21,22,23,26,28,31,32,36,37,38,42,43,45,48,54,55,57,58,59,61,65,67,68,72,78,79,80
3,5,6,7,8,9,10,11,12,13,14,15,18,20,24,25,26,32,43,45,46,47,48,49,52,53,54,58,61,74,76,80
3,5,8,10,11,12,14,15,16,18,24,25,31,32,40,43,44,46,47,48,49,50,52,53,54,55,56,57,60,61,74,76
0,2,3,5,6,8,9,10,11,12,14,16,18,24,25,31,32,40,43,44,46,48,49,50,51,52,53,54,55,56,57,60,61,65,72,74,76,78,80
0,2,3,4,5,6,7,8,9,10,11,12,16,17,18,19,21,22,23,24,25,26,32,43,44,45,46,47,48,49,54,58,61,70,71,73,75,76,79,80
0,2,3,5,6,8,9,10,11,12,16,18,19,24,25,26,31,32,40,43,44,46,47,48,49,50,51,52,53,54,55,56,57,60,61,64,67,72,74,76,78,80
3,5,6,8,10,11,12,13,14,15,16,18,19,23,24,25,26,27,31,32,34,40,43,44,45,46,47,48,49,50,51,52,53,54,55,56,57,58,60,61,74,76
0,2,3,5,6,7,8,9,10,11,12,14,16,18,19,24,25,31,32,34,40,43,44,46,47,48,49,50,52,53,54,55,56,57,58,60,61,65,72,74,76,80
11,14,16,24,25,26,39,42,45,46,48,49,54,56,61,62,64,67,68,70,72,74,75,78
0,1,2,3,4,5,6,7,8,9,10,11,12,16,17,18,19,21,22,23,24,25,26,32,43,44,45,46,48,49,54,58,61,65,70,71,73,76,79,80
3,5,6,8,10,11,12,16,18,19,24,25,26,31,32,34,40,44,46,47,48,49,50,51,52,53,54,55,56,57,60,61,72,74,76,78
0,2,3,4,5,6,7,8,9,10,11,12,16,18,19,21,22,24,25,26,32,43,44,45,46,48,49,52,53,54,57,58,61,69,70,71,73,75,76,79,80
0,2,3,4,5,6,7,8,9,10,11,12,14,16,18,19,21,24,25,32,34,43,44,45,46,48,49,52,53,54,57,58,61,69,70,71,73,75,76,79,80
2,3,5,6,8,9,12,13,16,17,18,19,21,22,23,24,25,26,31,32,37,38,41,43,44,45,46,48,49,51,54,56,58,59,60,65,75,79,80
0,2,3,5,6,8,9,12,13,16,17,18,21,22,23,25,26,28,31,32,36,37,38,41,42,43,45,48,51,54,56,58,59,61,65,75,78,79,80
2,3,5,6,7,8,9,10,12,14,16,18,19,24,25,26,32,43,44,45,46,47,48,49,50,52,53,54,57,58,61,63,66,70,71,73,75,76,77,79,80
0,2,3,5,6,8,9,10,11,12,18,24,25,26,32,40,43,44,46,49,51,53,54,56,61,64,65,67,68,72,74,76,78,79,80
3,5,8,10,11,13,14,15,16,18,19,20,24,25,26,32,43,44,45,46,47,48,49,50,52,53,54,55,56,57,58,61,74,76,80
2,3,5,6,8,9,12,18,21,22,23,24,25,26,31,32,37,38,41,43,44,46,49,51,54,56,58,59,60,65,75,77,79,80
2,3,5,6,8,9,10,11,12,15,16,17,18,19,20,22,23,24,25,26,31,32,34,45,46,47,48,49,50,51,54,56,61,72,74,76,80
3,5,8,10,11,13,14,15,16,18,24,25,32,43,44,46,47,48,49,50,52,53,54,55,56,57,58,61,74,76
0,3,5,6,8,9,10,11,12,13,14,15,16,18,19,24,25,26,31,32,34,40,43,44,46,47,48,49,50,52,53,54,55,56,57,58,60,61,74,76,80
2,5,6,9,10,12,14,18,32,39,43,44,48,49,50,52,53,54,55,57,58,63,66,67,69,70,71,72,73,75,76,77,80
2,3,5,6,8,9,10,11,12,15,16,17,18,19,20,22,23,24,25,26,31,32,34,45,46,47,48,49,50,51,54,55,56,61,64,67,72,74,76,78,80
3,5,6,8,10,11,12,14,16,18,24,25,26,27,32,40,44,45,46,48,49,50,51,53,54,55,56,57,60,61,64,67,68,72,74,76,78
0,2,3,5,6,7,8,9,10,11,12,14,16,18,24,25,31,32,40,43,44,46,49,51,52,53,54,55,56,57,60,61,64,65,67,72,74,76,78,79,80
1,2,3,5,6,7,8,9,11,12,17,19,20,22,23,24,25,26,43,45,46,47,49,56,61,64,65,67,72,74,76,78,79,80
2,3,5,6,8,9,10,11,12,15,16,18,19,20,22,23,24,25,26,31,32,45,46,47,48,49,50,51,54,56,61,74,76,80
13,23,27,28,29,30,34,36,37,38,39,42,44,45,46,47,48,49,51,53,55,59,60,62,63,64,66,69,70,71,73,74,75,77
13,23,26,27,28,29,30,34,36,37,38,39,42,44,45,46,47,48,49,51,53,55,59,62,63,64,66,69,70,71,73,74,75,77
1,3,6,8,9,10,11,12,14,16,18,21,26,32,39,40,42,44,46,48,49,51,54,56,61,62,64,67,68,72,74,76,78,80
11,16,18,19,22,25,26,27,28,29,32,33,34,36,37,39,40,42,45,46,48,49,50,51,54,56,59,60,61,62,64,67,68,69,70,71,72,73,74,78
11,16,17,18,19,22,25,26,27,28,29,32,33,34,36,37,39,40,44,45,46,48,49,50,51,54,56,59,60,61,62,64,67,68,69,70,72,73,74,78
13,15,19,23,24,26,27,28,29,30,34,36,37,38,39,42,44,45,46,47,48,49,50,51,53,55,59,60,61,62,63,64,66,69,70,71,73,74,75,77
0,1,2,3,5,6,8,9,11,12,17,19,20,22,23,24,25,26,43,45,46,47,49,56,61,64,65,67,72,74,76,78,79,80
0,1,2,3,5,6,7,8,9,11,12,17,20,22,23,24,25,26,43,45,46,47,49,56,61,64,65,67,72,74,76,78,79,80
2,3,5,6,8,9,10,11,12,18,19,20,22,23,24,25,26,32,43,45,46,47,49,50,56,61,64,65,72,74,76,78,79,80
0,2,3,5,6,8,9,10,11,12,18,22,23,24,25,26,32,43,45,46,49,50,56,61,64,65,67,68,72,74,76,78,79,80
10,11,14,16,17,18,19,22,24,25,26,27,28,29,32,33,36,37,39,40,44,45,46,48,49,50,51,54,56,59,61,62,64,67,68,69,70,71,72,73,74,78
3,6,9,10,11,14,16,18,19,22,25,26,27,28,29,32,33,36,37,39,40,44,45,46,48,49,50,51,54,56,59,60,61,62,64,67,68,70,72,74,78
3,6,8,9,10,11,14,16,18,19,26,27,28,32,33,36,37,39,40,42,44,45,46,48,49,50,51,53,54,56,59,60,61,62,64,67,68,72,74,76,78
1,3,5,6,8,9,10,11,12,14,16,18,21,24,25,26,27,32,39,40,42,44,46,48,49,50,51,54,56,60,61,62,64,65,67,68,72,74,76,78,80
0,2,3,5,6,7,8,9,10,11,12,18,19,20,22,23,24,25,26,32,43,45,46,47,49,50,56,61,64,65,72,74,76,78,79,80
2,3,4,5,6,7,8,9,10,12,14,15,23,24,25,26,32,38,39,41,42,43,44,45,47,48,57,61,63,66,70,71,75,76,77,80
2,3,5,6,7,8,9,10,12,14,16,18,19,22,23,24,25,26,32,43,44,45,46,47,48,49,50,52,54,57,58,61,63,66,70,71,73,75,76,77,79,80
0,1,2,3,5,6,7,8,9,11,12,17,20,22,23,24,25,26,32,43,45,46,47,49,50,56,61,64,65,67,72,74,76,78,79,80
10,11,14,16,18,19,22,25,26,27,28,29,32,36,37,39,40,44,45,46,48,49,50,51,54,56,61,62,64,67,68,70,72,73,74,78
11,16,18,19,22,24,25,26,27,28,29,33,34,36,37,39,40,45,46,48,49,50,51,54,56,59,61,62,64,67,68,70,72,73,74,78
11,14,16,17,18,19,22,24,25,26,27,28,29,32,33,36,37,39,40,44,45,46,48,49,50,51,54,56,59,60,61,62,64,67,68,69,70,71,72,73,74,78
11,16,18,19,22,24,25,26,27,28,29,32,36,37,39,40,44,45,46,48,49,50,51,54,56,59,61,62,64,67,68,70,72,73,74,78
10,11,14,16,18,19,22,24,25,26,27,28,29,32,33,36,37,39,40,44,45,46,48,49,50,51,54,56,59,60,61,62,64,67,68,69,70,71,72,73,74,78
3,6,9,10,11,14,16,18,19,26,27,28,29,32,33,36,37,38,39,40,42,44,45,46,48,49,50,51,53,54,56,60,61,62,64,67,68,70,72,74,78
10,11,14,16,18,19,22,25,26,27,28,29,32,36,37,39,40,42,44,45,46,48,49,50,51,54,56,61,62,64,67,68,70,72,74,78
1,3,6,8,9,10,11,14,16,18,19,21,26,27,28,32,33,36,37,39,40,42,44,46,48,49,50,51,53,54,56,60,61,62,64,67,68,72,74,76,78,80
3,6,8,9,10,11,14,16,18,19,21,25,26,27,28,32,36,37,39,40,42,44,45,46,48,49,50,51,53,54,56,60,61,62,64,67,68,72,74,76,78,80
1,3,6,8,9,10,11,14,16,18,19,21,25,26,27,28,32,33,36,39,40,42,44,46,48,49,50,51,53,54,56,60,61,62,64,67,68,72,74,76,78,80
1,3,5,6,8,9,10,11,14,16,18,21,26,27,28,32,33,38,39,40,42,44,46,48,49,50,51,53,54,56,60,61,62,64,65,67,68,72,74,76,78,80
11,14,16,18,19,22,24,25,26,27,28,29,32,36,37,39,40,44,45,46,48,49,50,51,54,56,59,61,62,64,67,68,70,72,74,78
0,2,3,5,6,7,8,9,10,11,12,16,18,19,23,24,25,26,31,32,43,45,46,47,48,49,50,51,52,53,54,55,56,61,64,65,72,74,76,78,79,80
6,10,11,14,16,18,19,22,24,25,26,27,28,32,36,37,39,40,42,44,45,46,48,49,50,51,54,56,61,62,64,67,68,72,74,78
6,9,10,11,14,16,18,19,26,27,28,29,32,36,37,39,40,42,44,45,46,48,49,50,51,54,56,60,61,62,64,67,68,72,74,78
3,6,8,9,10,11,14,16,18,26,27,28,32,36,38,39,40,42,44,46,48,49,50,51,53,54,56,60,61,62,64,67,68,72,74,78
1,2,3,5,6,8,9,11,12,17,19,20,22,23,24,25,26,45,46,47,49,56,61,64,65,67,68,72,74,78,79,80
3,6,10,11,14,16,18,25,26,27,28,32,37,38,39,40,41,42,44,45,46,48,49,50,51,54,56,61,62,64,67,68,72,74,78
3,6,8,9,10,11,14,16,18,21,26,27,28,32,33,36,37,38,39,40,42,44,46,48,49,50,51,53,54,56,60,61,62,64,67,68,72,74,76,78
2,3,5,6,7,9,10,12,14,15,24,26,27,28,32,38,39,40,41,42,43,44,45,47,48,50,51,52,53,55,57,61,63,66,69,70,71,75,76,77
3,6,8,9,10,11,14,16,18,19,24,25,26,27,28,32,33,36,37,39,40,44,45,46,48,49,50,51,54,56,60,61,62,64,67,68,72,74,76,78
3,6,8,9,10,11,14,16,18,26,27,28,32,36,37,38,39,40,42,44,45,46,48,49,50,51,53,54,56,60,61,62,64,67,68,72,74,76,78,80
2,3,5,6,7,8,9,10,12,14,15,23,24,25,26,32,39,42,43,44,45,47,48,55,57,61,63,66,70,71,75,76,77,79,80
11,16,18,19,22,26,27,28,29,36,37,39,40,42,45,46,48,49,50,51,54,56,59,60,61,62,64,67,68,69,70,72,73,74,78
11,16,18,19,26,27,28,29,32,33,36,37,39,40,42,45,46,48,49,50,51,54,56,59,60,61,62,64,67,68,70,72,73,74,78
11,16,18,19,26,27,28,29,32,36,37,39,40,42,44,45,46,48,49,50,51,54,56,59,60,61,62,64,67,68,70,72,73,74,78
11,14,16,18,19,22,25,26,27,28,29,36,37,39,40,42,44,45,46,48,49,50,51,54,56,61,62,64,67,68,70,72,73,74,78
11,16,17,18,19,22,24,25,26,27,28,29,33,36,37,45,46,48,49,50,51,54,56,59,61,62,64,67,68,69,70,72,73,74,78
11,16,17,18,19,22,25,26,27,28,29,33,36,37,39,40,45,46,48,49,50,51,54,56,59,61,62,64,67,68,70,72,73,74,78
3,6,9,10,11,14,16,18,19,22,24,25,26,27,28,29,32,33,36,37,39,40,44,45,46,48,49,50,51,54,56,60,61,62,64,67,68,72,74,78
6,9,10,11,14,16,18,26,27,28,32,36,37,38,39,40,42,44,45,46,48,49,50,51,54,56,60,61,62,64,67,68,72,74,78
1,3,6,8,9,10,11,14,16,18,21,26,27,32,38,39,40,42,44,46,48,49,51,53,54,56,61,62,64,67,68,72,74,76,78,80
3,6,9,10,11,14,16,18,26,27,28,32,36,37,38,39,40,42,44,46,48,49,50,51,54,56,60,61,62,64,67,68,72,74,78
10,11,14,16,18,19,25,26,27,28,29,32,36,37,39,40,42,44,45,46,48,49,50,51,54,56,60,61,62,64,67,68,72,74,78
10,11,14,16,18,19,22,24,25,26,27,28,29,32,36,37,39,40,44,45,46,48,49,50,51,54,56,61,62,64,67,68,72,74,78
6,9,10,11,14,16,18,19,25,26,27,28,32,36,37,39,40,42,44,45,46,48,49,50,51,54,56,61,62,64,67,68,72,74,78
3,6,9,10,11,14,16,18,19,24,25,26,27,32,39,40,42,44,45,46,48,49,50,51,54,56,61,62,64,67,68,72,74,76,78
3,6,8,9,10,11,12,14,16,18,25,26,27,32,39,40,42,44,46,48,49,50,51,54,56,61,62,64,67,68,72,74,76,78,80
0,1,2,3,5,6,7,8,9,11,12,17,19,20,22,23,24,25,26,32,43,45,46,49,56,61,64,65,67,72,74,76,78,79,80
13,23,24,27,28,29,30,34,36,37,38,39,41,42,44,45,46,47,48,49,51,53,55,59,62,63,64,66,69,70,71,73,74,75,77
13,15,19,23,24,27,28,29,30,33,34,36,37,39,44,45,46,47,48,49,51,53,55,59,60,62,63,64,66,69,70,71,73,74,75,77
2,3,4,5,6,7,8,9,10,12,14,23,24,25,26,32,39,42,43,44,45,47,48,57,61,63,66,70,71,75,76,77,80
6,9,10,11,14,16,18,22,24,25,26,32,39,40,44,45,46,48,49,50,51,54,56,61,62,64,67,68,72,74,78
6,9,11,14,16,18,19,22,24,25,26,32,39,40,44,45,46,48,49,50,51,54,56,61,62,64,67,68,72,74,78
10,11,14,16,18,19,22,25,26,27,36,37,39,44,45,46,48,49,50,51,54,56,61,62,64,67,68,70,72,74,78
3,7,9,14,15,23,24,25,26,38,39,41,42,43,44,45,47,48,49,51,55,57,61,63,66,69,70,71,75,76,77
3,6,9,10,11,14,16,18,19,22,25,26,27,28,32,36,37,39,40,44,45,46,48,49,50,51,54,56,60,61,62,64,67,68,72,74,78
0,2,3,5,6,8,9,10,11,12,16,18,19,20,22,23,24,25,26,32,43,45,46,47,49,50,56,61,64,65,67,72,74,76,78,79,80
2,3,5,6,7,8,9,10,12,14,23,24,25,26,32,38,39,42,43,45,47,57,61,63,66,70,71,75,76,77,80
2,3,5,6,7,8,9,10,12,14,23,24,25,26,32,39,42,43,45,47,57,61,63,66,70,71,75,76,77,79,80
2,3,4,5,6,7,8,9,10,12,14,23,24,25,26,32,39,43,45,47,48,57,61,63,66,70,71,75,76,77,79
2,3,4,5,6,7,8,9,12,14,23,24,25,26,32,43,45,47,48,49,57,61,63,66,70,71,75,76,77,79,80
11,16,18,19,22,24,25,26,27,28,29,32,33,36,37,39,40,45,46,48,49,50,51,54,56,59,60,61,62,64,67,68,70,72,73,74,78
3,6,9,10,11,14,16,18,19,26,27,28,32,36,37,38,39,40,42,44,45,46,48,49,50,51,54,56,60,61,62,64,67,68,72,74,78
13,23,27,28,29,30,34,36,37,39,45,46,47,48,49,51,52,53,55,59,62,63,64,66,69,70,71,73,74,75,77
11,16,17,18,19,22,25,26,27,28,29,33,34,36,37,39,40,45,46,48,49,50,51,54,56,59,60,61,62,64,67,68,70,72,73,74,78
1,3,6,8,9,10,11,12,14,16,18,21,26,27,32,39,40,42,44,46,48,49,51,53,54,56,61,62,64,65,67,68,72,74,76,78,80
2,3,4,5,6,7,8,9,10,12,14,23,24,25,26,32,38,39,41,42,43,45,47,57,61,63,66,70,71,75,76,77,80
11,16,19,26,27,28,29,32,36,37,39,40,42,45,46,48,49,50,51,54,56,59,60,61,62,64,67,68,70,72,73,74,78
2,3,5,6,8,9,11,12,17,20,22,23,24,25,26,32,45,46,47,49,50,56,61,65,72,74,76,78,79,80
1,2,3,5,6,8,9,11,12,17,19,20,22,23,24,25,26,45,46,47,49,61,64,65,67,72,74,78,79,80
6,10,11,14,16,18,19,24,25,26,32,39,40,44,45,46,48,49,50,51,54,56,61,62,64,67,68,72,74,78
11,16,18,19,22,24,25,26,27,29,36,37,39,45,46,48,49,50,51,54,56,61,62,64,67,68,70,72,74,78
6,10,11,14,16,18,26,27,32,38,39,41,42,44,45,46,48,49,50,51,54,56,61,62,64,67,68,72,74,78
13,15,23,24,27,28,29,30,34,36,37,38,39,41,42,44,45,46,47,48,49,51,53,55,59,60,62,63,64,66,69,70,71,73,74,75,77
2,3,4,5,6,7,8,9,10,12,14,23,24,25,26,32,39,42,43,45,47,57,61,63,66,71,75,76,77,80
2,3,5,6,7,8,9,10,12,14,23,24,25,26,32,39,42,43,45,47,57,61,63,66,71,75,76,77,79,80
2,3,4,5,6,7,8,9,10,12,14,23,24,25,26,32,39,42,43,45,47,57,61,63,66,71,75,76,77,79
2,3,4,5,6,7,8,9,10,12,14,23,24,25,26,32,39,43,45,47,57,61,63,66,70,71,75,76,77,79
2,3,4,5,6,7,8,9,10,12,14,23,24,25,26,32,39,43,45,47,57,61,63,66,71,75,76,77,79,80
13,23,24,26,27,28,29,34,36,37,38,39,42,44,45,46,47,48,49,51,53,55,59,63,66,69,70,71,73,74,75,77
2,3,5,6,8,9,11,12,17,19,20,22,23,24,25,26,29,30,31,34,35,45,46,47,49,59,61,64,67,68,74,78
2,3,6,8,9,11,12,17,19,20,22,23,24,25,26,29,34,35,36,37,45,46,47,49,50,59,61,64,68,70,74,78
3,6,9,10,11,14,16,18,24,25,26,27,32,39,40,44,45,46,48,49,50,51,54,56,61,62,64,67,68,72,74,78
9,10,11,14,16,18,19,22,24,25,26,27,32,39,40,44,45,46,48,49,50,51,54,56,61,62,64,67,68,72,74,78
6,10,11,14,16,18,19,22,24,25,26,27,32,39,40,44,45,46,48,49,50,51,54,56,61,62,64,67,68,72,74,78
10,11,14,16,18,19,22,24,25,26,27,36,37,39,40,44,45,46,48,49,50,51,54,56,61,62,64,67,68,72,74,78
11,16,18,19,22,25,26,27,29,33,36,37,39,40,45,46,48,49,50,51,54,56,59,61,62,64,67,68,70,72,74,78
2,3,6,7,9,10,12,14,15,24,27,28,32,38,39,40,41,42,43,44,45,47,48,50,51,52,53,55,57,61,63,66,69,71,75,76,77
2,3,4,5,6,7,8,9,10,12,14,23,24,25,26,32,39,42,43,45,47,48,57,61,63,66,70,71,75,76,77,80
2,3,4,5,6,7,8,9,10,12,14,23,24,25,26,32,39,42,43,45,47,48,57,61,63,66,70,71,75,76,77,79
2,3,5,6,7,8,9,10,12,14,23,24,25,26,32,39,42,43,45,47,48,57,61,63,66,70,71,75,76,77,79,80
2,3,5,6,7,8,9,10,12,14,23,24,25,26,32,43,45,47,48,49,57,61,63,66,70,71,73,75,76,77,79,80
2,3,4,5,6,7,8,9,12,14,22,23,24,25,26,32,43,45,47,48,49,57,61,63,66,70,71,75,76,77,79,80
1,2,3,5,6,7,8,9,11,12,17,19,20,22,23,24,25,26,43,45,46,47,49,56,61,64,65,74,76,78,79,80
2,3,4,5,6,7,8,9,10,12,14,23,24,25,26,32,43,45,47,48,57,61,63,66,70,71,75,76,77,79
3,6,8,9,10,11,14,16,18,21,26,27,28,32,39,40,42,44,46,48,49,50,51,53,54,56,60,61,62,64,67,68,72,74,76,78,80
1,3,5,6,8,9,10,11,14,16,18,21,26,27,32,39,40,42,44,46,48,49,51,53,54,56,60,61,62,64,67,68,72,74,76,78,80
13,23,24,27,28,29,30,34,36,37,39,42,44,45,46,47,48,49,51,53,55,59,61,63,66,69,70,71,73,74,75,77
13,23,24,26,27,28,29,30,34,36,37,39,44,45,46,47,48,49,51,53,55,59,63,64,66,69,70,71,73,74,75,77
3,6,9,10,11,14,16,18,19,26,27,28,32,33,36,37,39,40,42,44,45,46,48,49,50,51,54,56,60,61,62,64,67,68,72,74,78
3,6,8,9,10,11,12,14,16,18,21,26,27,32,39,40,42,44,46,48,49,50,51,53,54,56,60,61,62,64,67,68,72,74,76,78,80
23,27,28,29,30,34,36,37,39,42,44,45,46,47,48,49,51,52,53,55,59,62,63,64,66,69,70,71,73,74,75,77
13,23,27,28,29,30,34,36,37,38,39,42,44,45,47,48,49,51,53,55,59,63,64,66,69,70,71,73,74,75,77
13,23,26,27,28,29,30,33,34,36,37,39,44,45,46,47,48,49,51,53,55,59,62,63,64,66,69,70,71,73,74,75,77
1,2,3,5,6,8,9,11,12,17,20,22,23,24,25,26,45,46,47,49,50,56,61,64,65,72,74,76,78,79,80
3,6,8,9,11,12,17,19,20,22,23,24,25,26,29,34,35,36,37,45,46,47,49,50,59,61,64,67,68,74,78
2,3,6,8,9,11,12,17,19,20,22,23,24,25,26,29,34,35,36,37,45,46,47,49,59,61,64,68,70,74,78
3,6,8,9,10,11,14,16,18,21,26,32,39,40,44,46,48,49,51,54,56,61,62,64,67,68,72,74,76,78,80
10,11,14,16,18,19,22,25,26,27,28,29,32,33,36,37,39,40,44,45,46,48,49,50,51,54,56,59,60,61,62,64,67,68,70,72,73,74,78
11,14,16,18,19,26,27,28,29,32,36,37,38,39,40,42,44,45,46,48,49,50,51,53,54,56,60,61,62,64,67,68,70,72,73,74,78
2,7,12,14,21,27,28,32,38,39,40,41,42,43,44,52,53,54,57,60,61,63,66,72,75,76,77
7,14,24,27,28,32,38,39,40,41,42,43,44,47,48,51,53,55,57,61,63,66,69,71,75,76,77
10,11,14,16,18,25,26,27,39,42,44,45,46,48,49,50,51,54,56,61,62,64,67,68,72,74,78
3,6,8,9,10,11,12,14,16,18,25,26,27,28,32,39,40,42,44,46,48,49,50,51,53,54,56,60,61,62,64,67,68,72,74,76,78,80
1,3,6,8,9,10,11,12,14,16,18,21,25,26,27,32,39,40,42,44,46,48,49,50,51,54,56,60,61,62,64,67,68,72,74,76,78,80
2,3,5,6,7,8,9,11,12,17,19,20,22,23,24,25,26,29,31,34,35,45,46,47,49,58,59,61,64,67,68,69,70,71,73,74,77,78
0,1,2,3,5,6,8,9,10,11,12,17,19,20,22,23,24,25,26,32,43,45,46,47,49,50,56,61,64,65,67,68,72,74,76,78,79,80
13,15,19,23,24,27,28,29,30,34,36,37,38,39,41,42,44,45,46,47,48,49,51,53,55,59,60,62,63,64,66,69,70,71,73,74,75,77
13,15,19,23,24,27,28,29,30,33,34,35,36,37,39,44,45,46,47,48,49,51,52,53,55,59,60,62,63,64,66,68,69,70,71,73,74,75,77
11,14,16,18,26,27,28,39,44,45,46,48,49,50,51,54,56,61,62,64,67,68,70,72,74,78
13,19,23,24,27,28,29,30,33,34,36,37,39,42,44,45,46,47,48,49,51,52,53,55,59,60,62,63,64,66,69,70,71,73,74,75,77
11,16,17,18,19,22,25,26,27,28,29,33,34,36,37,39,40,45,46,47,48,49,50,51,54,56,59,60,61,62,64,67,68,69,70,72,73,74,78
11,14,16,18,19,22,25,26,27,28,29,32,33,36,37,39,40,42,44,45,46,48,49,50,51,54,56,59,60,61,62,64,67,68,70,72,73,74,78
10,11,14,16,18,19,26,27,28,29,32,36,37,38,39,40,42,44,46,48,49,50,51,53,54,56,59,60,61,62,64,67,68,70,72,74,78
11,14,16,18,19,22,25,26,27,28,29,36,37,39,44,45,46,48,49,50,51,54,56,61,62,64,67,68,69,70,72,73,74,78
3,5,6,8,9,10,11,12,14,16,18,25,26,27,32,38,39,40,42,44,45,46,48,49,50,51,53,54,56,60,61,62,64,67,68,72,74,76,78
11,16,18,19,26,27,28,29,32,36,37,39,40,42,44,45,46,48,49,50,51,54,56,59,60,61,62,64,67,68,70,72,74,78
11,16,17,18,19,22,25,26,27,28,29,33,34,36,37,45,46,48,49,50,51,54,56,59,61,62,64,67,68,70,72,73,74,78
0,2,3,5,6,7,8,9,10,11,12,16,18,19,20,22,23,24,25,26,32,43,45,46,47,49,50,54,56,61,64,65,67,72,74,76,78,79,80
3,6,10,11,14,16,18,25,26,27,28,32,36,37,39,40,42,44,45,46,48,49,50,51,54,56,61,62,64,67,68,72,74,78
0,2,3,4,5,6,7,8,9,10,11,12,16,18,19,20,22,23,24,25,26,32,43,45,46,47,49,50,54,56,61,64,65,72,74,76,78,79,80
10,11,14,16,18,19,22,25,26,27,29,32,36,37,39,40,44,45,46,48,49,50,51,54,56,61,62,64,67,68,70,72,74,78
3,6,9,10,11,14,16,18,25,26,27,32,38,39,40,41,42,44,45,46,48,49,50,51,54,56,61,62,64,67,68,72,74,78
10,11,16,18,19,22,24,25,26,27,29,32,36,37,39,40,44,45,46,48,49,50,51,54,56,61,62,64,67,68,70,72,74,78
11,16,18,19,22,24,25,26,27,29,32,33,36,37,39,40,44,45,46,48,49,50,51,54,56,61,62,64,67,68,70,72,74,78
3,6,9,10,11,14,16,18,19,22,25,26,27,32,36,39,40,44,45,46,48,49,50,51,54,56,61,62,64,67,68,72,74,78
3,6,9,10,11,14,16,18,19,25,26,27,32,36,39,40,44,45,46,48,49,50,51,54,56,61,62,64,67,68,72,74,76,78
2,3,4,5,6,7,8,9,12,14,23,24,25,26,32,43,45,47,57,61,63,66,70,71,75,76,77,79,80
2,3,5,6,7,8,9,12,14,23,24,25,26,32,43,45,47,48,49,57,61,63,66,70,71,73,75,76,77,79
3,6,9,10,11,14,16,18,25,26,27,28,32,36,39,40,42,44,45,46,48,49,50,51,54,56,60,61,62,64,67,68,72,74,76,78
2,3,5,6,7,8,9,10,12,14,24,25,32,43,45,47,49,50,53,54,57,63,66,70,71,73,75,76,77,80
11,14,16,18,19,22,25,26,27,28,29,32,36,37,39,40,42,44,45,46,48,49,50,51,54,56,59,61,62,64,67,68,70,72,73,74,78
11,16,18,19,26,27,28,29,36,37,39,40,45,46,48,49,50,51,54,56,59,60,61,62,64,67,68,69,70,72,73,74,78
13,15,19,23,24,26,27,28,29,30,33,34,36,37,39,42,44,45,46,47,48,49,51,53,55,59,60,62,63,64,66,69,70,71,73,74,75,77
11,16,18,19,22,26,27,28,29,36,37,39,40,45,46,48,49,50,51,54,56,61,62,64,67,68,69,70,71,72,73,74,78
11,16,18,19,22,24,25,26,27,28,29,36,37,39,45,46,48,49,50,51,54,56,59,61,62,64,67,68,70,72,73,74,78
3,6,10,11,14,16,18,26,27,28,32,38,39,40,42,44,45,46,48,49,50,51,54,56,60,61,62,64,67,68,72,74,78
10,11,14,16,18,19,22,25,26,32,39,40,44,45,46,48,49,50,51,54,56,61,62,64,67,68,72,74,78
11,16,18,19,22,24,25,26,29,36,37,39,45,46,48,49,50,51,54,56,61,62,64,67,68,70,72,74,78
11,16,18,19,22,25,26,29,36,37,39,45,46,48,49,50,51,54,56,61,62,64,67,68,70,72,73,74,78
3,6,9,10,11,14,16,18,26,27,28,32,38,39,40,42,44,45,46,48,49,50,51,54,56,61,62,64,67,68,72,74,78
10,11,16,18,19,22,24,25,26,27,29,32,36,37,39,40,44,45,46,48,49,50,51,54,56,61,62,64,67,68,72,74,78
3,6,8,9,10,11,14,16,18,19,25,26,27,32,39,40,44,45,46,48,49,50,51,54,56,61,62,64,67,68,72,74,76,78
13,15,19,23,24,27,28,29,30,33,34,35,36,37,39,44,45,46,47,48,49,51,53,55,59,60,62,63,64,66,68,69,70,71,73,74,75,77
10,11,14,16,18,19,22,24,25,26,27,29,32,36,39,40,44,45,46,48,49,50,51,54,56,61,62,64,67,68,72,74,78
3,6,8,9,10,11,14,16,18,25,26,32,39,40,42,44,45,46,48,49,50,51,54,56,61,62,64,67,68,72,74,76,78
1,2,3,5,6,8,9,11,12,17,19,20,22,23,24,25,26,45,46,47,49,56,61,62,64,65,67,68,72,74,78,79,80
0,1,2,3,5,6,8,9,11,12,17,20,22,23,24,25,26,32,43,45,46,49,56,61,64,65,67,72,74,76,78,79,80
11,16,17,18,19,22,25,26,27,28,29,33,36,37,39,40,45,46,48,49,50,51,54,56,59,60,61,62,64,67,68,69,70,72,73,74,78
11,16,18,19,22,25,26,27,28,29,32,33,34,36,37,39,40,44,45,46,48,49,50,51,54,56,59,60,61,62,64,67,68,70,72,73,74,78
3,6,8,9,11,12,17,19,20,22,23,24,25,26,29,34,35,45,46,47,49,59,61,64,67,70,74,78
7,9,14,23,24,25,26,38,39,41,42,43,44,45,47,48,49,51,55,57,61,63,66,69,70,71,75,77
10,11,14,16,18,19,22,25,26,27,28,29,32,36,37,39,40,44,45,46,48,49,50,51,54,56,59,60,61,62,64,67,68,70,72,73,74,78
11,14,16,18,19,22,24,25,26,27,28,29,32,33,36,37,39,40,44,45,46,48,49,50,51,54,56,59,60,61,62,64,67,68,70,72,74,78
10,11,14,16,18,19,22,25,26,27,28,29,32,33,36,37,39,40,44,45,46,48,49,50,51,54,56,59,60,61,62,64,67,68,70,72,74,78
3,6,9,10,11,14,16,18,19,26,27,28,32,36,37,39,40,42,44,45,46,48,49,50,51,53,54,56,60,61,62,64,67,68,72,74,76,78
