1,13,16,41,47
1,6,7,9,12,32,34
0,1,13,16,41
4,5,13,14,15,16,17
0,38,40,43,45,46
3,4,5,6,7,8,9,11,12,14,18,19,20,21,22,24,25,26,27,28,29,30,31,32,33,34,35,36,37,38,39,40,42,43,44,45,47
1,6,7,12,37
0,37,38,39,40,43,45
1,7,9,12,15,23
2,23,36,42,44
1,2,3,4,5,6,8,9,10,11,12,13,14,15,16,17,18,19,20,21,22,23,24,25,26,27,28,29,30,31,32,33,34,36,42,44
0,2,3,4,6,9,10,11,12,15,16,18,19,20,21,22,23,24,25,26,27,28,29,30,31,32,33,34,35,36,37,38,39,40,42,43,44,46,47
0,38,40,41,42,43,46
0,12,27,30,42,43,46
1,2,3,4,5,6,7,8,9,10,11,12,13,16,17,18,19,20,21,22,23,24,25,26,27,28,29,30,31,32,33,34,39,41,42,44,47
1,2,4,5,6,7,8,9,10,11,12,13,16,17,18,19,23,24,25,26,28,29,30,31,32,33,34,35,37,38,39,40,41,42,46
1,2,3,4,5,8,9,10,11,12,13,14,15,16,17,18,19,20,21,22,23,24,25,26,27,28,29,30,31,32,33,34,37,39,40,41,42,45,46
1,4,5,8,9,10,11,12,13,17,18,19,24,25,26,29,30,31,32,34,39,40,41
