61,62,64,67,68,72,78
0,1,2,3,4,5,6,7,8,9,10,11,12,13,14,15,16,17,18,19,20,21,22,23,24,25,26,32,33,35,43,52,54,56,57,58,65,76,79,80
0,1,2,3,4,5,6,7,8,9,10,11,12,13,14,15,16,17,18,19,20,21,22,23,24,25,26,27,30,31,32,33,38,39,40,41,42,43,44,46,47,48,49,50,52,53,54,55,56,57,58,59,60,62,63,64,65,66,67,68,69,70,71,72,73,74,75,76,77,78,79,80
0,1,2,3,4,5,6,7,8,9,10,11,12,13,14,15,16,17,18,19,20,21,22,23,24,25,26,30,31,32,33,34,35,36,37,38,39,40,41,42,43,44,45,46,47,48,49,50,52,53,54,55,56,57,58,61,63,65,66,69,70,71,73,74,75,76,78,79,80
0,1,2,3,4,5,6,7,8,9,11,12,21,43,52,65,76,79,80
57,64,67,68,72
53,62,64,67,68,69,70,71,72,73,75
17,18,19,22,23,24,25,26,32,52,54
0,1,2,3,4,5,6,7,8,9,10,11,12,13,14,15,16,17,18,19,20,21,22,23,24,25,26,30,31,32,33,34,35,36,37,38,39,40,41,42,43,44,45,46,47,49,50,52,53,54,55,56,57,58,61,65,76,79,80
0,1,2,3,4,5,6,7,8,9,10,11,12,13,14,15,16,17,18,19,20,21,22,23,24,25,26,31,32,33,34,35,36,37,38,39,40,41,42,43,44,45,46,47,48,49,50,51,54,56,57,58,59,60,62,63,64,65,66,67,68,70,71,72,73,74,75,76,77,78,79,80
0,1,2,3,4,5,6,7,8,9,10,11,12,13,16,17,18,19,20,21,22,23,24,25,26,32,34,35,43,52,53,54,58,59,60,61,65,76,78,79,80
13,17,22,23,24,25,26,27,32
1,2,3,4,5,6,7,8,9,21,65,79
10,13,14,15,16,18,19,20,23,24,25,26,27,28,29,31,32,33,34,40,43,44,45,46,47,48,49,50,51,52,53,54,55,56,57,58,60,61,74,76
0,1,2,3,4,5,6,7,8,9,10,11,12,13,14,15,16,17,18,19,20,21,22,23,24,25,26,27,28,29,30,31,32,34,35,36,38,41,42,43,44,45,46,47,48,49,50,51,52,53,54,55,56,57,58,59,60,61,63,65,66,69,70,71,73,74,75,76,77,79,80
17,19,22,23,24,25,26
50,57,64,67,68,72,75
14,30,43,56,57,74,76,77
0,1,2,3,4,5,6,7,8,9,10,11,12,13,15,16,17,18,19,20,21,22,23,24,25,26,27,32,34,35,43,44,45,46,47,48,49,52,53,54,55,58,59,60,61,65,76,79,80
0,1,2,3,4,5,6,7,8,9,10,11,12,13,14,15,16,17,18,19,20,21,22,23,24,25,26,27,28,29,30,31,32,33,34,43,44,45,46,47,48,49,50,51,52,54,55,56,57,58,60,61,65,74,76,79,80
13,15,31,32,45,48,57,58,59,78
28,30,31,52,55,58
52,53,54,61,69,70,71,73
0,1,2,3,4,5,6,7,8,9,10,11,12,13,14,15,16,17,18,19,20,21,22,23,24,25,26,27,31,32,43,44,45,46,47,48,49,50,52,53,54,55,56,57,58,60,61,65,74,76,79,80
57,63,66,74,75
13,17,20,22,23,24,25,26,27,32,43,52
0,1,2,3,4,5,6,7,8,9,10,11,12,14,15,16,17,18,19,20,21,22,23,24,25,26,30,31,32,33,34,36,37,38,39,40,41,42,43,44,45,46,47,49,50,52,53,54,55,56,57,58,63,65,66,69,70,71,73,75,76,77,78,79,80
14,53,56,57,63,74,77
28,38,39,40,41,42,56,60,63,66,69,70,73,75,77
52,69,70,71,73
0,1,2,3,4,5,6,7,8,9,10,11,12,13,14,15,16,17,18,19,20,21,22,23,24,25,26,29,30,31,32,34,35,36,37,43,44,45,46,47,48,49,50,51,54,55,57,58,59,60,61,63,64,65,69,70,71,73,74,75,76,77,78,79,80
16,18,19,24,25,27,34,44,45,46,48,49,52,54,61
28,38,39,41,42,44,48,60,69,70,73,75,77
14,15,32,43,52,57,76
0,1,2,3,4,5,6,7,8,9,10,11,12,13,14,15,16,17,18,19,20,21,22,23,24,25,26,32,33,35,40,43,44,48,52,53,54,55,56,57,58,59,60,61,65,76,78,79,80
51,56,66,75,77
13,15,16,17,18,19,20,22,23,24,25,26,27,28,29,31,32,34,45,46,47,48,49,50,51,55,56,60,61,74
17,20,22,23,24,25,26,29,30,34,45,47,59,74,77,78
0,1,2,3,4,5,6,7,8,9,11,12,14,15,21,32,43,52,56,57,65,76,79,80
0,1,2,3,4,5,6,7,8,9,11,12,21,30,37,43,44,49,54,56,61,63,65,66,75,76,77,79,80
0,1,2,3,4,5,6,7,8,9,11,12,13,17,20,22,23,24,25,26,34,35,43,45,47,58,59,65,79,80
0,1,2,3,4,5,6,7,8,9,10,11,12,13,14,15,16,17,18,19,20,21,22,23,24,25,26,27,28,29,31,32,33,34,38,39,41,42,43,44,45,46,47,48,49,50,52,53,54,55,57,58,59,60,61,62,64,65,67,68,69,70,71,72,73,74,75,76,77,78,79,80
0,1,2,3,4,5,6,7,8,9,10,11,12,13,14,15,16,17,18,19,20,21,22,23,24,25,26,31,32,33,34,36,37,38,39,40,41,42,43,44,45,46,48,51,54,56,57,58,59,60,61,62,64,65,67,68,72,75,76,77,78,79,80
13,28,31,32,48,55,58,59
0,1,2,3,4,5,6,7,8,9,10,11,12,14,15,16,18,19,20,21,24,25,26,30,31,32,33,34,36,37,38,39,40,41,42,43,45,47,49,50,52,53,54,55,56,57,58,59,62,63,64,65,66,67,68,69,70,71,72,73,74,75,76,77,78,79,80
28,30,31,51,52,58
14,52,53,57,74
11,28,38,39,40,42,51,60,61,69
14,15,17,20,22,23,24,25,26,34,43,45,47
0,1,2,3,4,5,6,7,8,9,10,11,12,13,14,15,16,17,18,19,20,21,22,23,24,25,26,28,30,31,32,33,34,35,36,37,38,39,40,41,42,43,44,45,48,51,54,55,56,57,58,59,60,61,62,63,64,65,66,67,68,70,71,72,73,74,75,76,77,78,79,80
14,53,56,57,61,72,74
16,18,27,44,45,46,48,49,52,53,54,60,61,69,70,71,73,75
10,14,15,16,18,27,31,32,34,40,44,46,47,48,49,50,51,52,53,54,55,56,57,60,61,74,76
28,31,55,57,58,78
0,1,2,3,4,5,6,7,9,10,11,12,13,14,15,16,18,19,20,21,23,24,26,27,28,29,30,32,35,36,37,38,39,40,41,42,43,44,45,47,48,49,50,51,52,53,54,55,56,57,58,59,60,61,62,63,64,65,66,67,69,70,72,73,74,75,76,77,79,80
0,1,2,3,4,5,6,7,8,9,10,11,12,13,14,15,16,18,19,20,21,22,23,24,25,26,30,31,32,33,34,36,37,38,39,40,41,42,43,44,45,46,47,49,50,52,53,54,55,56,57,58,59,60,61,62,63,64,65,66,67,68,72,74,75,76,77,78,79,80
10,13,14,15,16,17,18,19,20,22,23,24,25,26,27,28,29,31,32,33,34,40,44,45,46,47,48,49,50,51,52,53,54,55,56,57,60,61,74,76
0,1,2,3,4,5,6,7,8,9,10,11,12,13,14,15,17,18,21,22,23,24,25,26,28,31,32,36,37,38,39,40,41,42,43,44,45,48,51,54,55,56,57,58,59,60,61,62,64,65,67,68,72,74,75,76,77,78,79,80
0,1,2,3,4,5,6,7,8,9,10,11,12,13,16,17,18,19,20,21,22,23,24,25,26,32,34,43,44,45,46,48,49,52,53,54,58,61,65,70,71,73,76,79,80
0,1,2,3,4,5,6,7,8,9,10,11,12,13,14,15,16,17,18,19,20,21,22,23,24,25,26,28,31,32,33,34,36,37,38,39,40,41,42,43,44,45,47,48,50,51,52,54,56,57,58,59,60,61,62,63,64,65,66,67,68,70,71,72,73,74,75,76,77,78,79,80
51,53,56,57,61,74
0,1,2,3,4,5,6,7,8,9,10,11,12,13,14,15,16,17,18,19,20,21,22,23,24,25,26,28,31,32,33,34,36,37,38,39,40,41,42,43,44,45,47,48,50,51,54,56,57,58,59,60,61,62,63,64,65,66,67,68,70,71,72,73,74,75,76,77,78,79,80
0,1,2,3,4,5,6,7,8,9,10,11,12,13,15,16,17,18,19,20,22,23,24,25,26,27,28,29,31,32,33,34,36,37,40,43,44,45,46,47,48,49,50,51,53,54,55,56,59,60,61,62,63,64,65,67,68,69,70,71,72,73,74,76,77,78,79,80
0,1,2,3,4,5,6,7,8,9,10,11,12,14,21,30,36,37,39,40,43,44,45,46,49,50,53,54,55,56,57,61,62,63,64,65,66,67,68,72,74,75,76,77,78,79,80
0,1,2,3,4,5,6,7,8,9,10,12,14,21,28,31,32,36,37,38,39,40,41,42,43,50,51,52,54,57,58,59,61,63,65,66,75,76,77,78,79,80
0,1,2,3,4,5,6,7,8,9,10,11,12,13,14,15,16,17,18,19,20,21,22,23,24,25,26,28,31,32,36,37,38,39,40,41,42,43,44,45,46,47,48,49,50,51,54,56,57,58,59,60,61,62,63,64,65,66,67,68,70,71,72,73,75,76,77,78,79,80
0,1,2,3,4,5,6,7,8,9,10,11,12,13,14,15,16,17,18,19,20,21,22,23,24,25,26,31,32,43,44,45,46,47,48,49,50,52,53,54,55,57,58,61,65,69,70,71,73,75,76,77,79,80
38,39,41,42,43,44,47,48,60,69,77
0,1,2,3,4,5,6,7,8,9,10,11,12,13,14,15,16,17,18,19,20,21,22,23,24,25,26,30,31,32,33,34,36,37,38,39,40,41,42,43,44,45,47,49,50,52,53,54,55,56,57,58,62,63,64,65,66,67,68,69,70,71,72,73,74,75,76,77,78,79,80
0,1,2,3,4,5,6,7,8,9,10,11,12,14,21,30,36,37,39,40,43,44,45,47,50,56,57,61,64,65,67,68,72,74,76,77,79,80
0,1,2,3,4,5,6,7,8,9,10,11,12,13,14,15,16,17,18,19,21,22,23,24,25,26,28,31,32,33,34,36,37,38,39,40,41,42,43,44,48,51,54,55,56,57,58,59,60,61,62,64,65,66,67,68,72,75,76,77,78,79,80
0,1,2,3,4,5,6,7,8,9,10,11,12,13,14,15,16,17,18,19,20,21,22,23,24,25,26,31,32,33,34,38,40,43,44,46,47,48,49,50,52,53,54,55,56,57,58,59,60,61,63,65,66,67,68,72,74,75,76,77,78,79,80
0,1,2,3,4,5,6,8,9,10,11,12,14,15,16,18,19,20,21,22,24,25,26,27,28,31,32,33,36,37,38,39,40,41,42,43,44,45,46,47,48,49,50,51,53,54,55,56,57,59,60,61,62,63,64,65,67,68,69,70,71,72,73,74,75,76,77,78,80
0,2,3,4,5,6,7,8,9,10,12,14,21,27,28,31,32,36,37,38,39,40,41,42,43,47,50,51,52,53,54,57,61,63,65,66,71,75,76,77,78,79,80
0,1,2,3,4,5,6,7,8,9,10,11,12,13,14,16,17,18,19,20,21,22,23,24,25,26,27,28,31,32,33,34,36,37,38,39,40,41,42,43,44,45,46,47,48,49,51,52,53,54,55,56,57,60,61,62,64,65,66,67,68,69,70,71,72,73,74,75,76,78,79,80
13,14,15,17,19,20,22,23,24,25,26,29,30,31,34,45,46,47,59,74,77,78
0,1,2,3,4,5,6,7,8,9,11,12,14,21,30,43,52,56,57,65,76,79,80
5,12,13,15,16,17,18,19,20,22,23,24,25,26,29,31,32,34,44,45,46,47,48,49,51,54,59,60,61,63,66,69,70,71,73,75,76,77,78
0,1,2,3,4,5,6,7,8,9,10,11,12,13,14,16,17,18,19,20,21,22,23,24,25,26,27,30,31,32,33,34,36,40,43,44,45,46,47,48,49,50,51,52,53,54,55,56,57,58,59,60,61,62,63,64,65,66,67,68,70,71,72,73,74,75,76,77,78,79,80
38,39,41,42,44,47,48,60,69,70,73,77
0,1,2,3,4,5,6,7,8,9,10,11,12,13,14,16,17,18,19,20,21,22,23,24,25,26,30,31,32,33,34,36,37,38,39,40,41,42,43,44,45,46,47,48,49,50,52,53,54,56,57,59,60,61,62,64,65,66,67,68,69,70,71,72,73,74,75,76,77,78,79,80
0,1,2,3,4,5,6,7,8,9,10,11,12,13,14,15,16,17,18,19,20,21,22,24,25,26,31,32,33,34,38,39,41,42,43,44,46,47,48,49,50,52,53,54,55,57,58,59,61,62,64,65,67,68,69,70,71,72,73,75,76,77,78,79,80
0,1,2,3,4,5,6,7,8,9,10,11,12,14,16,18,19,20,21,22,23,24,25,26,30,31,32,33,34,36,37,38,39,40,41,42,43,44,45,46,47,49,50,52,53,54,55,56,57,58,59,60,61,62,63,64,65,66,67,68,70,71,72,73,74,75,76,77,78,79,80
0,1,2,3,4,5,6,7,8,9,10,11,12,13,14,15,16,17,18,19,20,22,23,24,25,26,29,30,31,32,33,34,35,40,43,44,45,46,47,48,49,50,51,53,54,55,56,59,60,61,62,63,64,65,66,67,68,69,70,71,72,73,74,75,76,77,78,79,80
0,1,2,3,4,5,6,7,8,9,10,11,12,13,14,15,16,17,18,19,20,21,22,23,24,25,26,31,32,33,34,35,36,37,38,39,40,41,42,43,44,45,46,47,48,49,50,51,54,56,57,58,59,60,61,62,63,64,65,66,67,68,72,75,76,77,78,79,80
0,1,2,3,4,5,6,8,9,10,11,12,13,14,15,16,17,18,19,20,21,22,24,25,26,27,28,32,33,36,37,38,39,40,41,42,43,44,45,46,47,48,49,50,51,53,54,55,56,57,58,59,60,61,62,63,64,65,66,67,68,69,70,71,72,73,75,76,77,78,80
3,7,9,10,13,14,15,16,17,18,19,20,22,23,24,25,26,27,28,29,31,32,33,34,36,37,38,39,40,41,42,43,44,45,46,47,48,49,50,51,53,54,55,56,57,58,59,60,61,62,64,67,68,69,70,73,74,75,76,77
0,1,2,3,4,5,6,7,8,9,10,11,12,13,14,15,16,17,18,19,20,21,22,23,24,25,26,28,31,32,36,37,38,39,40,41,42,43,44,45,47,48,49,50,51,52,53,54,56,57,58,59,60,61,62,63,65,66,67,68,70,71,72,73,75,76,77,78,79,80
14,52,56,57,74
0,1,2,3,4,5,6,7,8,9,10,11,12,13,14,15,16,17,18,19,20,21,22,23,24,25,26,27,28,29,31,32,33,34,36,38,39,41,42,43,44,45,46,47,48,49,50,52,53,54,55,57,58,59,60,61,63,65,66,69,70,71,73,74,75,76,77,79,80
0,1,2,3,4,5,6,7,8,9,10,11,12,13,14,15,16,17,18,19,21,22,23,24,25,26,28,31,32,33,36,37,38,39,40,41,42,43,44,45,46,48,50,51,54,56,57,58,59,60,61,62,63,64,65,66,67,68,72,75,76,77,78,79,80
0,2,3,4,5,6,7,8,9,10,12,13,14,15,16,17,18,19,20,21,22,23,24,25,26,27,28,29,31,32,33,34,36,37,38,39,40,41,42,43,44,45,46,47,48,49,50,53,54,55,57,58,59,60,61,62,65,66,67,68,69,70,71,73,74,75,76,77,78,79,80
0,2,3,4,5,6,7,8,9,10,12,14,21,32,36,37,38,39,40,41,42,43,47,50,51,53,54,57,61,63,65,66,71,75,76,77,79,80
0,1,2,3,4,5,6,7,8,9,10,11,12,13,14,15,16,17,18,19,20,21,22,23,24,25,26,28,31,32,33,34,36,37,38,39,40,41,42,43,44,50,51,52,53,54,56,57,58,60,61,62,63,64,65,66,67,68,71,72,75,76,77,78,79,80
0,1,2,3,4,5,6,7,8,9,10,11,12,14,18,21,24,25,26,30,32,40,43,44,46,49,52,53,54,56,57,61,64,65,67,68,72,74,76,78,79,80
0,1,2,3,4,5,6,7,8,9,10,11,12,13,14,15,16,17,18,19,20,21,22,23,24,25,26,30,31,32,33,34,37,38,39,40,41,42,43,44,45,47,48,49,50,52,53,54,55,56,57,58,62,63,64,65,66,67,68,69,70,71,72,73,74,75,76,77,78,79,80
0,3,4,5,6,7,9,10,13,14,15,16,18,19,20,22,23,24,25,26,27,28,29,32,33,34,36,37,38,39,40,41,42,43,44,45,46,47,48,49,50,51,52,53,54,55,57,58,59,60,61,62,63,64,66,67,68,69,70,71,73,74,75,76,77,80
