185,186,187,188,190,191,192,193,194,195,196,197,198,199,200,201,430,431,432,433,434,435,436,437,438,439,440,669,670,671,672,673,674,675,676,677,678,907,908,909,910,911,912,913,914,915,916,1145,1146,1147,1148,1149,1150,1151,1152,1153,1154,1155,1156,1157,1158,1159,1160,1383,1384,1385,1386,1387,1388,1389,1390,1391,1392,1393,1394,1395,1396,1397,1398,1399,1621,1622,1623,1624,1625,1626,1627,1628,1629,1630,1631,1632,1633,1634,1635,1636,1637,1859,1860,1861,1862,1863,1864,1865,1866,1867,1868,1869,1870,1871,1872,1873,1874,1875,1879,2097,2098,2099,2100,2101,2102,2103,2104,2105,2106,2107,2108,2109,2110,2111,2112,2113,2115,2116,2117,2334,2335,2336,2337,2338,2339,2340,2341,2342,2343,2344,2345,2346,2347,2348,2349,2350,2351,2352,2353,2572,2573,2574,2575,2576,2577,2578,2579,2580,2581,2582,2583,2584,2585,2586,2587,2590,2810,2811,2812,2813,2814,2815,2816,2817,2818,2819,2820,2821,2822,2823,2824,3041,3047,3048,3049,3050,3051,3053,3054,3055,3056,3057,3058,3059,3060,3061,3277,3284,3285,3286,3287,3288,3289,3291,3292,3293,3294,3295,3296,3297,3298,3522,3523,3524,3525,3526,3529,3530,3531,3532,3533,3534,3759,3760,3761,3762,3763,3764,3768,3769,3770,3771,3772,3997,3998,3999,4000,4001,4002,4006,4007,4008,4009,4010,4235,4236,4237,4238,4239,4240,4244,4245,4246,4247,4248
66,67,68,69,71,72,73,74,75,76,77,78,79,80,81,82,83,312,313,316,317,318,319,320,321,323,324,325,326,327,328,549,550,551,552,555,556,557,558,559,561,562,563,564,565,566,787,788,789,790,793,794,795,796,797,800,801,802,803,804,1019,1024,1025,1026,1027,1028,1032,1033,1034,1035,1038,1039,1040,1041,1042,1255,1256,1257,1258,1259,1261,1262,1263,1264,1265,1266,1270,1271,1272,1273,1277,1278,1279,1280,1486,1487,1488,1489,1490,1491,1492,1493,1494,1495,1496,1497,1498,1499,1500,1501,1502,1503,1504,1509,1510,1511,1516,1517,1724,1725,1726,1727,1728,1729,1730,1731,1732,1733,1734,1735,1736,1737,1738,1739,1740,1741,1742,1747,1748,1749,1958,1962,1963,1964,1965,1966,1967,1968,1969,1970,1971,1972,1973,1974,1975,1976,1977,1978,1979,1980,1986,1987,2199,2200,2201,2202,2203,2204,2205,2206,2207,2208,2209,2210,2211,2212,2213,2214,2215,2216,2217,2218,2437,2438,2439,2440,2443,2444,2445,2446,2447,2448,2449,2450,2451,2452,2453,2454,2455,2456,2681,2682,2683,2684,2685,2686,2687,2688,2689,2690,2691,2692,2693,2694,2919,2920,2921,2922,2923,2924,2925,2926,2927,2928,2929,2930,2931,2932,3158,3159,3160,3161,3162,3163,3164,3165,3166,3167,3168,3169,3170,3396,3397,3398,3399,3400,3401,3402,3403,3404,3405,3406,3407,3408,3634,3635,3636,3637,3638,3639,3640,3641,3642,3643,3644,3645,3646,3872,3873,3874,3875,3876,3877,3878,3879,3880,3881,3882,3883,3884,4109,4110,4111,4112,4113,4114,4115,4117,4118,4119,4120,4121,4122
182,183,184,189,427,428,429,665,666,667,668,903,904,905,906,1141,1142,1143,1144,1379,1380,1381,1382,1617,1618,1619,1620,1850,1851,1855,1856,1857,1858,2087,2088,2089,2093,2094,2095,2096,2324,2325,2326,2327,2331,2332,2333,2562,2563,2564,2565,2569,2570,2571,2793,2800,2801,2802,2807,2808,2809,3038,3039,3045,3046,3052,3283,3290,3521,3528,3766,3767,4004,4005,4242,4243
2847,2848,2850,2851,2852,2853,2854,2855,2856,2857,2858,2859,2860,2861,2862,2864,2865,2866,2867,2868,2869,2873,2874,2875,3081,3082,3083,3084,3085,3086,3087,3088,3089,3090,3091,3092,3093,3094,3095,3096,3097,3098,3099,3100,3102,3103,3104,3105,3106,3107,3315,3316,3317,3318,3319,3320,3321,3322,3323,3324,3325,3326,3327,3328,3329,3330,3331,3333,3334,3335,3336,3337,3338,3342,3343,3344,3345,3553,3554,3555,3557,3558,3559,3560,3561,3562,3563,3564,3565,3566,3567,3568,3569,3571,3572,3573,3574,3575,3576,3583,3795,3796,3797,3798,3799,3800,3801,3802,3803,3804,3805,3806,3807,3808,3809,3810,3811,3812,3813,3814,4034,4035,4036,4037,4038,4039,4040,4041,4042,4043,4044,4045,4046,4047,4048,4049,4050,4051,4052,4278,4279,4280,4281,4282,4283,4284,4285,4286,4287,4288,4289,4290,4291,4292
1568,1806,1807,1808,1809,1813,1814,1815,1816,1817,1820,1821,1822,1823,1824,2044,2045,2046,2047,2048,2049,2051,2052,2053,2054,2055,2056,2057,2058,2059,2060,2061,2062,2063,2064,2282,2283,2284,2289,2290,2291,2292,2293,2294,2295,2297,2298,2299,2300,2301,2302,2306,2307,2308,2535,2536,2537,2538,2543,2544
23,24,25,28,29,30,31,32,35,36,37,3205,3433,3434,3435,3436,3441,3442,3443,3449,3450,3457,3464,3669,3670,3671,3672,3673,3674,3677,3678,3679,3680,3681,3684,3685,3686,3687,3688,3692,3693,3694,3695,3702,3906,3907,3908,3909,3910,3911,3912,3913,3914,3915,3916,3917,3918,3919,3920,3921,3922,3923,3924,3925,3926,3927,3928,3929,3930,3931,3932,3933,4144,4145,4146,4147,4148,4149,4150,4151,4152,4153,4154,4155,4156,4157,4158,4159,4160,4161,4162,4163,4164
56,57,63,64,70,308,309,315,546,553,554,560,784,791,792,798,799,1029,1030,1036,1037,1043,1267,1268,1269,1274,1275,1276,1281,1282,1505,1506,1507,1512,1513,1514,1515,1519,1743,1744,1745,1750,1751,1752,1981,1982,1983,1984,1988,1989,2219,2220,2221,2222,2457,2458,2459,2695,2696,2933,4116
2031,2032,2039,2040,2041,2269,2270,2271,2272,2275,2276,2277,2278,2279,2280,2281,2285,2286,2287,2288,2510,2511,2514,2515,2516,2517,2518,2519,2521,2522,2523,2524,2525,2526,2530,2531,2532,2533,2754,2755,2756,2757,2759,2760,2761,2762,2763,2764,2766,2767,2768,2769,2770,2771,2992,2993,2997,2998,2999,3000
2424,2425,2426,2427,2428,2661,2662,2663,2664,2665,2666,2667,2668,2669,2670,2898,2899,2900,2901,2902,2903,2904,2905,2906,2907,2908,3136,3137,3138,3139,3140,3141,3142,3143,3144,3145,3146,3374,3375,3376,3377,3378,3381,3382,3383,3613,3614,3615
714,715,716,952,953,954
1085,1316
1785,1786
1575
1344
1071
833
609
840
