189,190,191,192,193,194,195,196,197,198,199,200,201,202,203,204,205,206,207,208,209,210,211,212,213,218,434,435,436,437,438,439,440,441,442,443,444,445,446,447,448,449,450,451,452,672,673,674,675,676,677,678,679,680,681,682,683,684,685,687,688,689,690,691,910,911,912,913,914,915,916,917,918,919,920,921,922,923,925,926,927,928,929,930,1148,1149,1150,1151,1152,1153,1154,1155,1156,1157,1158,1159,1160,1161,1164,1165,1166,1167,1168,1386,1387,1388,1389,1390,1391,1392,1393,1394,1395,1396,1397,1398,1399,1402,1403,1404,1405,1406,1411,1412,1413,1618,1619,1620,1624,1625,1626,1627,1628,1629,1630,1632,1633,1634,1635,1636,1637,1640,1641,1642,1643,1644,1649,1650,1651,1657,1658,1855,1856,1857,1858,1859,1862,1863,1864,1865,1866,1867,1868,1870,1871,1872,1873,1874,1875,1878,1879,1880,1881,1882,1886,1887,1888,1889,1895,1896,2088,2093,2094,2095,2096,2097,2100,2101,2102,2103,2104,2105,2106,2108,2109,2110,2111,2112,2113,2116,2117,2118,2119,2120,2124,2125,2126,2127,2132,2133,2134,2324,2325,2326,2327,2328,2331,2332,2333,2334,2335,2336,2339,2340,2341,2342,2343,2344,2346,2347,2348,2349,2350,2351,2354,2355,2356,2357,2358,2361,2362,2363,2364,2556,2557,2562,2563,2564,2565,2566,2569,2570,2571,2572,2573,2574,2575,2577,2578,2579,2580,2581,2582,2585,2586,2587,2588,2589,2591,2592,2593,2594,2795,2800,2801,2802,2803,2804,2805,2807,2808,2809,2810,2811,2812,2813,2815,2816,2817,2818,2819,2820,2823,2824,2825,2826,2827,2829,3031,3032,3033,3038,3039,3040,3041,3042,3043,3045,3046,3047,3048,3049,3050,3051,3053,3054,3055,3056,3057,3058,3063,3262,3263,3269,3270,3271,3276,3277,3278,3279,3280,3281,3283,3284,3285,3286,3287,3288,3289,3292,3293,3294,3295,3296,3500,3501,3507,3508,3509,3514,3515,3516,3517,3518,3519,3521,3522,3523,3524,3525,3526,3527,3738,3739,3745,3746,3747,3748,3752,3753,3754,3755,3756,3757,3759,3760,3761,3762,3763,3764,3765,3977,3983,3984,3985,3986,3990,3991,3992,3993,3994,3995,3997,3998,3999,4000,4001,4002,4003,4215,4221,4222,4223,4224,4228,4229,4230,4231,4232,4233,4235,4236,4237,4238,4239,4240,4241
3699,3700,3701,3702,3705,3706,3707,3708,3709,3711,3712,3713,3714,3715,3942,3943,3944,3945,3949,3950,3951,3952,3953,3954,4188,4189,4190
3934
3472
3948
3969
3689
14
3710
2758,3003
4172
266
3703
252
280
3241
4207
4193
7
497
2779
2296
3927
253
231
259
3465
238
840
3696
756
21
827,833
4186
4179
2751
728
1449
3956
3227
980
4165
2773
2534
3458
2289
245
4025
735
2541
469,470
4158
483
2548
602
3955
490
2786
4166
2515,2522,2529
476
2514,2521,2528
1197
4200
2282,2283
2520
4160
1064
3459
3962
2535
246
3780
2268
462
1211
3963
525
477
826
3970
3928
4201
1204
2765
3787
343
2513
239
4159
2527
1057
2506
2530,2531,2532
233
3453
820
